 H0 depl. Rate(jt,jn) (s**-1)  Te(jt) = 10**(-1.2 + (jt-1)/10) jt= 1,60
 jn =   1; jt = 1 -> 60 going by rows   ne(jn) = 10**(10 + 0.5*(jn-1)) jn=1,15
  0.00000E+00  0.00000E+00  0.00000E+00 -3.03797E-46 -1.06096E-36 -6.51272E-29
 -8.93852E-23 -6.70769E-18 -4.93148E-14 -6.41754E-11 -1.95170E-08 -1.83985E-06
 -7.04353E-05 -1.32320E-03 -1.35965E-02 -9.28120E-02 -4.23305E-01 -1.46190E+00
 -4.01059E+00 -9.13575E+00 -1.78373E+01 -3.11188E+01 -4.90792E+01 -7.13614E+01
 -9.73415E+01 -1.24994E+02 -1.54780E+02 -1.83667E+02 -2.10479E+02 -2.34241E+02
 -2.54147E+02 -2.70110E+02 -2.80639E+02 -2.86527E+02 -2.89046E+02 -2.86295E+02
 -2.81475E+02 -2.75089E+02 -2.75089E+02 -2.75089E+02 -2.75089E+02 -2.75089E+02
 -2.75089E+02 -2.75089E+02 -2.75089E+02 -2.75089E+02 -2.75089E+02 -2.75089E+02
 -2.75089E+02 -2.75089E+02 -2.75089E+02 -2.75089E+02 -2.75089E+02 -2.75089E+02
 -2.75089E+02 -2.75089E+02 -2.75089E+02 -2.75089E+02 -2.75089E+02 -2.75089E+02

 jn =   2
 -5.09789E-57 -5.09789E-57 -5.09789E-57 -9.71603E-46 -3.40976E-36 -2.09248E-28
 -2.87070E-22 -2.15294E-17 -1.58183E-13 -2.05680E-10 -6.24948E-08 -5.88600E-06
 -2.25119E-04 -4.22525E-03 -4.33765E-02 -2.95840E-01 -1.34823E+00 -4.65305E+00
 -1.27568E+01 -2.90420E+01 -5.66746E+01 -9.88273E+01 -1.55801E+02 -2.26448E+02
 -3.08782E+02 -3.96375E+02 -4.90683E+02 -5.82105E+02 -6.66916E+02 -7.42044E+02
 -8.04943E+02 -8.55348E+02 -8.88551E+02 -9.07070E+02 -9.14933E+02 -9.06128E+02
 -8.90787E+02 -8.70518E+02 -8.70518E+02 -8.70518E+02 -8.70518E+02 -8.70518E+02
 -8.70518E+02 -8.70518E+02 -8.70518E+02 -8.70518E+02 -8.70518E+02 -8.70518E+02
 -8.70518E+02 -8.70518E+02 -8.70518E+02 -8.70518E+02 -8.70518E+02 -8.70518E+02
 -8.70518E+02 -8.70518E+02 -8.70518E+02 -8.70518E+02 -8.70518E+02 -8.70518E+02

 jn =   3
  0.00000E+00  0.00000E+00  0.00000E+00 -3.22956E-45 -1.13457E-35 -6.95529E-28
 -9.52641E-22 -7.12815E-17 -5.22453E-13 -6.77304E-10 -2.05139E-07 -1.92606E-05
 -7.34306E-04 -1.37414E-02 -1.40664E-01 -9.56853E-01 -4.35055E+00 -1.49851E+01
 -4.10065E+01 -9.32049E+01 -1.81631E+02 -3.16313E+02 -4.98106E+02 -7.23231E+02
 -9.85265E+02 -1.26369E+03 -1.56307E+03 -1.85293E+03 -2.12146E+03 -2.35897E+03
 -2.55749E+03 -2.71626E+03 -2.82040E+03 -2.87804E+03 -2.90195E+03 -2.87312E+03
 -2.82365E+03 -2.75886E+03 -2.75886E+03 -2.75886E+03 -2.75886E+03 -2.75886E+03
 -2.75886E+03 -2.75886E+03 -2.75886E+03 -2.75886E+03 -2.75886E+03 -2.75886E+03
 -2.75886E+03 -2.75886E+03 -2.75886E+03 -2.75886E+03 -2.75886E+03 -2.75886E+03
 -2.75886E+03 -2.75886E+03 -2.75886E+03 -2.75886E+03 -2.75886E+03 -2.75886E+03

 jn =   4
  2.03916E-56  2.03916E-56  2.03916E-56 -1.19767E-44 -4.17525E-35 -2.54662E-27
 -3.46369E-21 -2.56816E-16 -1.86442E-12 -2.39078E-09 -7.16159E-07 -6.65444E-05
 -2.51184E-03 -4.65880E-02 -4.73047E-01 -3.19483E+00 -1.44389E+01 -4.94840E+01
 -1.34804E+02 -3.05242E+02 -5.92932E+02 -1.02961E+03 -1.61741E+03 -2.34322E+03
 -3.18576E+03 -4.07862E+03 -5.03581E+03 -5.95997E+03 -6.81337E+03 -7.56542E+03
 -8.19129E+03 -8.68932E+03 -9.01236E+03 -9.18749E+03 -9.25541E+03 -9.15604E+03
 -8.99149E+03 -8.78061E+03 -8.78061E+03 -8.78061E+03 -8.78061E+03 -8.78061E+03
 -8.78061E+03 -8.78061E+03 -8.78061E+03 -8.78061E+03 -8.78061E+03 -8.78061E+03
 -8.78061E+03 -8.78061E+03 -8.78061E+03 -8.78061E+03 -8.78061E+03 -8.78061E+03
 -8.78061E+03 -8.78061E+03 -8.78061E+03 -8.78061E+03 -8.78061E+03 -8.78061E+03

 jn =   5
  0.00000E+00  0.00000E+00  0.00000E+00 -5.57892E-44 -1.93961E-34 -1.16036E-26
 -1.53913E-20 -1.10675E-15 -7.78509E-12 -9.65627E-09 -2.80241E-06 -2.53114E-04
 -9.31563E-03 -1.69103E-01 -1.68572E+00 -1.12082E+01 -5.00283E+01 -1.69713E+02
 -4.58373E+02 -1.03068E+03 -1.99067E+03 -3.43937E+03 -5.38099E+03 -7.76760E+03
 -1.05264E+04 -1.34382E+04 -1.65437E+04 -1.95286E+04 -2.22701E+04 -2.46695E+04
 -2.66497E+04 -2.82103E+04 -2.91999E+04 -2.97129E+04 -2.98806E+04 -2.95130E+04
 -2.89374E+04 -2.82285E+04 -2.82285E+04 -2.82285E+04 -2.82285E+04 -2.82285E+04
 -2.82285E+04 -2.82285E+04 -2.82285E+04 -2.82285E+04 -2.82285E+04 -2.82285E+04
 -2.82285E+04 -2.82285E+04 -2.82285E+04 -2.82285E+04 -2.82285E+04 -2.82285E+04
 -2.82285E+04 -2.82285E+04 -2.82285E+04 -2.82285E+04 -2.82285E+04 -2.82285E+04

 jn =   6
 -4.89398E-55 -4.89398E-55 -4.89398E-55 -3.81504E-43 -1.28309E-33 -7.32836E-26
 -9.16136E-20 -6.14375E-15 -4.02526E-11 -4.65304E-08 -1.26665E-05 -1.08279E-03
 -3.80286E-02 -6.64284E-01 -6.41600E+00 -4.15612E+01 -1.81796E+02 -6.06780E+02
 -1.61733E+03 -3.59893E+03 -6.89348E+03 -1.18252E+04 -1.83982E+04 -2.64327E+04
 -3.56732E+04 -4.53796E+04 -5.56641E+04 -6.54983E+04 -7.44717E+04 -8.22530E+04
 -8.86058E+04 -9.35434E+04 -9.65744E+04 -9.80367E+04 -9.83564E+04 -9.69362E+04
 -9.48352E+04 -9.23710E+04 -9.23710E+04 -9.23710E+04 -9.23710E+04 -9.23710E+04
 -9.23710E+04 -9.23710E+04 -9.23710E+04 -9.23710E+04 -9.23710E+04 -9.23710E+04
 -9.23710E+04 -9.23710E+04 -9.23710E+04 -9.23710E+04 -9.23710E+04 -9.23710E+04
 -9.23710E+04 -9.23710E+04 -9.23710E+04 -9.23710E+04 -9.23710E+04 -9.23710E+04

 jn =   7
 -6.52530E-55 -6.52530E-55 -6.52530E-55 -3.62446E-42 -1.17121E-32 -6.25474E-25
 -7.15211E-19 -4.31810E-14 -2.54103E-10 -2.64623E-07 -6.56658E-05 -5.18964E-03
 -1.70665E-01 -2.82579E+00 -2.61329E+01 -1.63354E+02 -6.94974E+02 -2.26899E+03
 -5.94037E+03 -1.30347E+04 -2.46932E+04 -4.19626E+04 -6.48129E+04 -9.25690E+04
 -1.24293E+05 -1.57437E+05 -1.92288E+05 -2.25424E+05 -2.55426E+05 -2.81171E+05
 -3.01943E+05 -3.17797E+05 -3.27154E+05 -3.31238E+05 -3.31419E+05 -3.25872E+05
 -3.18021E+05 -3.09259E+05 -3.09259E+05 -3.09259E+05 -3.09259E+05 -3.09259E+05
 -3.09259E+05 -3.09259E+05 -3.09259E+05 -3.09259E+05 -3.09259E+05 -3.09259E+05
 -3.09259E+05 -3.09259E+05 -3.09259E+05 -3.09259E+05 -3.09259E+05 -3.09259E+05
 -3.09259E+05 -3.09259E+05 -3.09259E+05 -3.09259E+05 -3.09259E+05 -3.09259E+05

 jn =   8
 -2.08810E-53 -2.08810E-53 -2.08810E-53 -4.25098E-41 -1.32656E-31 -6.61958E-24
 -6.86094E-18 -3.67747E-13 -1.91427E-09 -1.76871E-06 -3.94333E-04 -2.83671E-02
 -8.59779E-01 -1.32863E+01 -1.16031E+02 -6.91272E+02 -2.83208E+03 -8.97331E+03
 -2.29269E+04 -4.93695E+04 -9.21729E+04 -1.54759E+05 -2.36804E+05 -3.35774E+05
 -4.48062E+05 -5.64640E+05 -6.86224E+05 -8.01099E+05 -9.04067E+05 -9.91400E+05
 -1.06087E+06 -1.11261E+06 -1.14164E+06 -1.15237E+06 -1.14935E+06 -1.12716E+06
 -1.09682E+06 -1.06472E+06 -1.06472E+06 -1.06472E+06 -1.06472E+06 -1.06472E+06
 -1.06472E+06 -1.06472E+06 -1.06472E+06 -1.06472E+06 -1.06472E+06 -1.06472E+06
 -1.06472E+06 -1.06472E+06 -1.06472E+06 -1.06472E+06 -1.06472E+06 -1.06472E+06
 -1.06472E+06 -1.06472E+06 -1.06472E+06 -1.06472E+06 -1.06472E+06 -1.06472E+06

 jn =   9
 -2.87113E-52 -2.87113E-52 -2.87113E-52 -5.63636E-40 -1.72664E-30 -8.19757E-23
 -7.83035E-17 -3.77100E-12 -1.74431E-08 -1.42379E-05 -2.81438E-03 -1.80770E-01
 -4.94732E+00 -6.99712E+01 -5.68105E+02 -3.18400E+03 -1.24470E+04 -3.80015E+04
 -9.41865E+04 -1.98145E+05 -3.63301E+05 -6.01078E+05 -9.09053E+05 -1.27752E+06
 -1.69179E+06 -2.11834E+06 -2.55914E+06 -2.97259E+06 -3.33825E+06 -3.64391E+06
 -3.88250E+06 -4.05445E+06 -4.14452E+06 -4.16767E+06 -4.14125E+06 -4.04869E+06
 -3.92603E+06 -3.80306E+06 -3.80306E+06 -3.80306E+06 -3.80306E+06 -3.80306E+06
 -3.80306E+06 -3.80306E+06 -3.80306E+06 -3.80306E+06 -3.80306E+06 -3.80306E+06
 -3.80306E+06 -3.80306E+06 -3.80306E+06 -3.80306E+06 -3.80306E+06 -3.80306E+06
 -3.80306E+06 -3.80306E+06 -3.80306E+06 -3.80306E+06 -3.80306E+06 -3.80306E+06

 jn =   10
 -4.07179E-51 -4.07179E-51 -4.07179E-51 -7.73308E-39 -2.34758E-29 -1.08197E-21
 -9.76512E-16 -4.31697E-11 -1.79899E-07 -1.30841E-04 -2.30228E-02 -1.32226E+00
 -3.26492E+01 -4.21041E+02 -3.16029E+03 -1.65259E+04 -6.10930E+04 -1.78005E+05
 -4.23683E+05 -8.63110E+05 -1.54212E+06 -2.49826E+06 -3.71513E+06 -5.15469E+06
 -6.75435E+06 -8.38531E+06 -1.00546E+07 -1.16114E+07 -1.29693E+07 -1.40868E+07
 -1.49435E+07 -1.55375E+07 -1.58253E+07 -1.58527E+07 -1.56937E+07 -1.52943E+07
 -1.47774E+07 -1.42813E+07 -1.42813E+07 -1.42813E+07 -1.42813E+07 -1.42813E+07
 -1.42813E+07 -1.42813E+07 -1.42813E+07 -1.42813E+07 -1.42813E+07 -1.42813E+07
 -1.42813E+07 -1.42813E+07 -1.42813E+07 -1.42813E+07 -1.42813E+07 -1.42813E+07
 -1.42813E+07 -1.42813E+07 -1.42813E+07 -1.42813E+07 -1.42813E+07 -1.42813E+07

 jn =   11
 -5.07825E-50 -5.07825E-50 -5.07825E-50 -9.57061E-38 -2.88652E-28 -1.30870E-20
 -1.14141E-14 -4.77380E-10 -1.85536E-06 -1.24657E-03 -2.01239E-01 -1.05371E+01
 -2.36267E+02 -2.76572E+03 -1.89503E+04 -9.09252E+04 -3.12299E+05 -8.54395E+05
 -1.92684E+06 -3.76147E+06 -6.49800E+06 -1.02533E+07 -1.49429E+07 -2.04322E+07
 -2.64728E+07 -3.25985E+07 -3.88429E+07 -4.46839E+07 -4.97692E+07 -5.39498E+07
 -5.71781E+07 -5.94153E+07 -6.05367E+07 -6.06600E+07 -6.00807E+07 -5.86145E+07
 -5.66768E+07 -5.48187E+07 -5.48187E+07 -5.48187E+07 -5.48187E+07 -5.48187E+07
 -5.48187E+07 -5.48187E+07 -5.48187E+07 -5.48187E+07 -5.48187E+07 -5.48187E+07
 -5.48187E+07 -5.48187E+07 -5.48187E+07 -5.48187E+07 -5.48187E+07 -5.48187E+07
 -5.48187E+07 -5.48187E+07 -5.48187E+07 -5.48187E+07 -5.48187E+07 -5.48187E+07

 jn =   12
 -5.23695E-49 -5.23695E-49 -5.23695E-49 -9.93315E-37 -2.99993E-27 -1.35666E-19
 -1.16946E-13 -4.77768E-09 -1.79136E-05 -1.13797E-02 -1.68908E+00 -7.92588E+01
 -1.57156E+03 -1.62941E+04 -1.00118E+05 -4.36856E+05 -1.39104E+06 -3.58365E+06
 -7.70738E+06 -1.45226E+07 -2.44307E+07 -3.77983E+07 -5.42994E+07 -7.35079E+07
 -9.45481E+07 -1.15866E+08 -1.37605E+08 -1.58067E+08 -1.75973E+08 -1.90808E+08
 -2.02489E+08 -2.10785E+08 -2.15329E+08 -2.16402E+08 -2.15047E+08 -2.10646E+08
 -2.04549E+08 -1.98538E+08 -1.98538E+08 -1.98538E+08 -1.98538E+08 -1.98538E+08
 -1.98538E+08 -1.98538E+08 -1.98538E+08 -1.98538E+08 -1.98538E+08 -1.98538E+08
 -1.98538E+08 -1.98538E+08 -1.98538E+08 -1.98538E+08 -1.98538E+08 -1.98538E+08
 -1.98538E+08 -1.98538E+08 -1.98538E+08 -1.98538E+08 -1.98538E+08 -1.98538E+08

 jn =   13
 -4.33723E-48 -4.33723E-48 -4.33723E-48 -8.37023E-36 -2.56533E-26 -1.17551E-18
 -1.02110E-12 -4.16418E-08 -1.52452E-04 -9.00845E-02 -1.17517E+01 -4.71844E+02
 -8.08215E+03 -7.44355E+04 -4.18248E+05 -1.70654E+06 -5.18049E+06 -1.28919E+07
 -2.70321E+07 -5.00283E+07 -8.30798E+07 -1.27354E+08 -1.81752E+08 -2.44951E+08
 -3.14067E+08 -3.84109E+08 -4.55588E+08 -5.23103E+08 -5.82396E+08 -6.31769E+08
 -6.71083E+08 -6.99446E+08 -7.15738E+08 -7.20702E+08 -7.17779E+08 -7.04975E+08
 -6.86596E+08 -6.68064E+08 -6.68064E+08 -6.68064E+08 -6.68064E+08 -6.68064E+08
 -6.68064E+08 -6.68064E+08 -6.68064E+08 -6.68064E+08 -6.68064E+08 -6.68064E+08
 -6.68064E+08 -6.68064E+08 -6.68064E+08 -6.68064E+08 -6.68064E+08 -6.68064E+08
 -6.68064E+08 -6.68064E+08 -6.68064E+08 -6.68064E+08 -6.68064E+08 -6.68064E+08

 jn =   14
 -2.65432E-47 -2.65432E-47 -2.65432E-47 -5.27266E-35 -1.66013E-25 -7.81770E-18
 -6.94878E-12 -2.86672E-07 -1.02199E-03 -5.43899E-01 -6.04192E+01 -2.09003E+03
 -3.21414E+04 -2.75786E+05 -1.48005E+06 -5.85492E+06 -1.74140E+07 -4.27309E+07
 -8.87167E+07 -1.63071E+08 -2.69504E+08 -4.11726E+08 -5.86193E+08 -7.88759E+08
 -1.01018E+09 -1.23460E+09 -1.46370E+09 -1.68040E+09 -1.87096E+09 -2.02997E+09
 -2.15714E+09 -2.24944E+09 -2.30340E+09 -2.32120E+09 -2.31388E+09 -2.27509E+09
 -2.21850E+09 -2.16086E+09 -2.16086E+09 -2.16086E+09 -2.16086E+09 -2.16086E+09
 -2.16086E+09 -2.16086E+09 -2.16086E+09 -2.16086E+09 -2.16086E+09 -2.16086E+09
 -2.16086E+09 -2.16086E+09 -2.16086E+09 -2.16086E+09 -2.16086E+09 -2.16086E+09
 -2.16086E+09 -2.16086E+09 -2.16086E+09 -2.16086E+09 -2.16086E+09 -2.16086E+09

 jn =   15
 -1.18200E-46 -1.18200E-46 -1.18200E-46 -2.40898E-34 -7.77860E-25 -3.76417E-17
 -3.43066E-11 -1.43636E-06 -4.99260E-03 -2.41462E+00 -2.38473E+02 -7.57716E+03
 -1.10761E+05 -9.22873E+05 -4.86628E+06 -1.90346E+07 -5.62070E+07 -1.37254E+08
 -2.84005E+08 -5.20835E+08 -8.59389E+08 -1.31142E+09 -1.86566E+09 -2.50903E+09
 -3.21218E+09 -3.92488E+09 -4.65256E+09 -5.34113E+09 -5.94698E+09 -6.45285E+09
 -6.85800E+09 -7.15269E+09 -7.32597E+09 -7.38457E+09 -7.36355E+09 -7.24284E+09
 -7.06571E+09 -6.88457E+09 -6.88457E+09 -6.88457E+09 -6.88457E+09 -6.88457E+09
 -6.88457E+09 -6.88457E+09 -6.88457E+09 -6.88457E+09 -6.88457E+09 -6.88457E+09
 -6.88457E+09 -6.88457E+09 -6.88457E+09 -6.88457E+09 -6.88457E+09 -6.88457E+09
 -6.88457E+09 -6.88457E+09 -6.88457E+09 -6.88457E+09 -6.88457E+09 -6.88457E+09

 H2->H0 Rate(jt,jn) (s**-1)
 jn =   1; jt = 1 -> 60 going by rows   ne(jn) = 10**(10 + 0.5*(jn-1)) jn=1,15
  7.46422E-08  4.23463E-07  2.40238E-06  1.36284E-05  7.72994E-05  4.38186E-04
  2.47896E-03  1.39259E-02  7.63725E-02  3.89464E-01  1.57238E+00  3.60955E+00
  6.00548E+00  8.34087E+00  1.26859E+01  1.97987E+01  3.79304E+01  6.40235E+01
  1.01708E+02  1.58418E+02  2.25244E+02  2.97409E+02  3.72205E+02  4.41453E+02
  5.03247E+02  5.57005E+02  6.01729E+02  6.37756E+02  6.66051E+02  6.87184E+02
  7.05516E+02  7.18638E+02  7.26002E+02  7.33451E+02  7.37569E+02  7.44920E+02
  7.56386E+02  7.76182E+02  8.10997E+02  8.64728E+02  9.42828E+02  1.04994E+03
  1.18793E+03  1.35430E+03  1.54097E+03  1.73537E+03  1.92192E+03  2.08303E+03
  2.20493E+03  2.27976E+03  2.30733E+03  2.29431E+03  2.25190E+03  2.19257E+03
  2.12697E+03  2.06210E+03  2.00050E+03  1.93992E+03  1.87275E+03  1.78593E+03

 jn =   2
  2.36035E-07  1.33909E-06  7.59686E-06  4.30952E-05  2.44425E-04  1.38550E-03
  7.83761E-03  4.40245E-02  2.41408E-01  1.23089E+00  4.96867E+00  1.14045E+01
  1.89733E+01  2.63549E+01  4.00946E+01  6.25918E+01  1.19929E+02  2.02440E+02
  3.21600E+02  5.00911E+02  7.12204E+02  9.40372E+02  1.17685E+03  1.39580E+03
  1.59119E+03  1.76117E+03  1.90261E+03  2.01654E+03  2.10604E+03  2.17289E+03
  2.23088E+03  2.27240E+03  2.29571E+03  2.31928E+03  2.33232E+03  2.35558E+03
  2.39186E+03  2.45446E+03  2.56456E+03  2.73448E+03  2.98145E+03  3.32019E+03
  3.75655E+03  4.28264E+03  4.87296E+03  5.48770E+03  6.07761E+03  6.58711E+03
  6.97259E+03  7.20921E+03  7.29640E+03  7.25522E+03  7.12111E+03  6.93349E+03
  6.72607E+03  6.52093E+03  6.32614E+03  6.13457E+03  5.92214E+03  5.64761E+03

 jn =   3
  7.46373E-07  4.23436E-06  2.40222E-05  1.36264E-04  7.72780E-04  4.37969E-03
  2.47694E-02  1.39086E-01  7.62365E-01  3.88528E+00  1.56760E+01  3.59667E+01
  5.98248E+01  8.31408E+01  1.26591E+02  1.97792E+02  3.79128E+02  6.40034E+02
  1.01677E+03  1.58363E+03  2.25154E+03  2.97273E+03  3.72019E+03  4.41223E+03
  5.02983E+03  5.56722E+03  6.01443E+03  6.37480E+03  6.65795E+03  6.86954E+03
  7.05314E+03  7.18464E+03  7.25856E+03  7.33329E+03  7.37470E+03  7.44839E+03
  7.56322E+03  7.76129E+03  8.10950E+03  8.64686E+03  9.42790E+03  1.04991E+04
  1.18790E+04  1.35427E+04  1.54094E+04  1.73534E+04  1.92189E+04  2.08301E+04
  2.20491E+04  2.27974E+04  2.30731E+04  2.29429E+04  2.25188E+04  2.19255E+04
  2.12696E+04  2.06209E+04  2.00049E+04  1.93991E+04  1.87274E+04  1.78592E+04

 jn =   4
  2.35996E-06  1.33886E-05  7.59559E-05  4.30783E-04  2.44233E-03  1.38350E-02
  7.81883E-02  4.38633E-01  2.40148E+00  1.22230E+01  4.92542E+01  1.12900E+02
  1.87720E+02  2.61265E+02  3.98710E+02  6.24369E+02  1.19798E+03  2.02294E+03
  3.21369E+03  5.00495E+03  7.11497E+03  9.39289E+03  1.17535E+04  1.39390E+04
  1.58898E+04  1.75876E+04  1.90012E+04  2.01410E+04  2.10373E+04  2.17078E+04
  2.22900E+04  2.27076E+04  2.29431E+04  2.31810E+04  2.33135E+04  2.35478E+04
  2.39121E+04  2.45393E+04  2.56409E+04  2.73406E+04  2.98108E+04  3.31984E+04
  3.75624E+04  4.28234E+04  4.87268E+04  5.48744E+04  6.07737E+04  6.58689E+04
  6.97239E+04  7.20903E+04  7.29623E+04  7.25506E+04  7.12097E+04  6.93337E+04
  6.72595E+04  6.52083E+04  6.32604E+04  6.13447E+04  5.92205E+04  5.64752E+04

 jn =   5
  7.46102E-06  4.23281E-05  2.40135E-04  1.36141E-03  7.71298E-03  4.36384E-02
  2.46187E-01  1.37799E+00  7.52458E+00  3.81929E+01  1.53526E+02  3.51339E+02
  5.83986E+02  8.15614E+02  1.25075E+03  1.96763E+03  3.78273E+03  6.39091E+03
  1.01528E+04  1.58092E+04  2.24689E+04  2.96552E+04  3.71003E+04  4.39919E+04
  5.01436E+04  5.55000E+04  5.99631E+04  6.35659E+04  6.64032E+04  6.85303E+04
  7.03806E+04  7.17119E+04  7.24682E+04  7.32320E+04  7.36616E+04  7.44127E+04
  7.55736E+04  7.75641E+04  8.10516E+04  8.64299E+04  9.42441E+04  1.04959E+05
  1.18761E+05  1.35400E+05  1.54069E+05  1.73511E+05  1.92167E+05  2.08281E+05
  2.20472E+05  2.27957E+05  2.30716E+05  2.29415E+05  2.25175E+05  2.19244E+05
  2.12685E+05  2.06199E+05  2.00040E+05  1.93983E+05  1.87265E+05  1.78585E+05

 jn =   6
  2.35850E-05  1.33804E-04  7.59091E-04  4.30056E-03  2.43302E-02  1.37315E-01
  7.71946E-01  4.30240E+00  2.33860E+01  1.18179E+02  4.73374E+02  1.08128E+03
  1.79786E+03  2.52693E+03  3.90643E+03  6.18962E+03  1.19351E+04  2.01802E+04
  3.20589E+04  4.99072E+04  7.09041E+04  9.35429E+04  1.16981E+05  1.38665E+05
  1.58015E+05  1.74868E+05  1.88921E+05  2.00280E+05  2.09245E+05  2.15988E+05
  2.21874E+05  2.26133E+05  2.28583E+05  2.31060E+05  2.32483E+05  2.34920E+05
  2.38650E+05  2.44992E+05  2.56049E+05  2.73081E+05  2.97813E+05  3.31715E+05
  3.75375E+05  4.28003E+05  4.87053E+05  5.48543E+05  6.07550E+05  6.58516E+05
  6.97079E+05  7.20757E+05  7.29491E+05  7.25385E+05  7.11987E+05  6.93236E+05
  6.72503E+05  6.51997E+05  6.32524E+05  6.13372E+05  5.92134E+05  5.64686E+05

 jn =   7
  7.45516E-05  4.22949E-04  2.39947E-03  1.35811E-02  7.66682E-02  4.30972E-01
  2.40902E+00  1.33390E+01  7.20431E+01  3.62071E+02  1.44470E+03  3.29512E+03
  5.48640E+03  7.78079E+03  1.21584E+04  1.94421E+04  3.76310E+04  6.36912E+04
  1.01181E+05  1.57453E+05  2.23572E+05  2.94766E+05  3.68379E+05  4.36381E+05
  4.96994E+05  5.49747E+05  5.93730E+05  6.29312E+05  6.57453E+05  6.78705E+05
  6.97361E+05  7.10981E+05  7.18968E+05  7.27093E+05  7.31930E+05  7.39988E+05
  7.52137E+05  7.72492E+05  8.07633E+05  8.61658E+05  9.40014E+05  1.04735E+06
  1.18553E+06  1.35205E+06  1.53888E+06  1.73341E+06  1.92010E+06  2.08135E+06
  2.20338E+06  2.27833E+06  2.30603E+06  2.29312E+06  2.25081E+06  2.19157E+06
  2.12606E+06  2.06126E+06  1.99971E+06  1.93918E+06  1.87204E+06  1.78526E+06

 jn =   8
  2.35676E-04  1.33705E-03  7.58529E-03  4.28914E-02  2.41502E-01  1.35041E+00
  7.49237E+00  4.11565E+01  2.20676E+02  1.10233E+03  4.37832E+03  9.96642E+03
  1.66194E+04  2.38220E+04  3.77175E+04  6.09722E+04  1.18541E+05  2.00883E+05
  3.19128E+05  4.96365E+05  7.04253E+05  9.27608E+05  1.15798E+06  1.37010E+06
  1.55850E+06  1.72191E+06  1.85775E+06  1.96745E+06  2.05422E+06  2.11992E+06
  2.17815E+06  2.22121E+06  2.24714E+06  2.27402E+06  2.29096E+06  2.31836E+06
  2.35888E+06  2.42511E+06  2.53730E+06  2.70919E+06  2.95797E+06  3.29831E+06
  3.73611E+06  4.26348E+06  4.85498E+06  5.47085E+06  6.06186E+06  6.57245E+06
  6.95901E+06  7.19670E+06  7.28491E+06  7.24467E+06  7.11143E+06  6.92457E+06
  6.71781E+06  6.51325E+06  6.31893E+06  6.12776E+06  5.91565E+06  5.64140E+06

 jn =   9
  7.45126E-04  4.22728E-03  2.39821E-02  1.35508E-01  7.61218E-01  4.23465E+00
  2.33128E+01  1.26907E+02  6.74159E+02  3.33893E+03  1.31788E+04  2.99426E+04
  5.01084E+04  7.27337E+04  1.16890E+05  1.91024E+05  3.72991E+05  6.32971E+05
  1.00559E+06  1.56299E+06  2.21514E+06  2.91320E+06  3.62969E+06  4.28471E+06
  4.86130E+06  5.35663E+06  5.76404E+06  6.08997E+06  6.34609E+06  6.53930E+06
  6.71348E+06  6.84441E+06  6.92603E+06  7.01467E+06  7.07552E+06  7.17224E+06
  7.31246E+06  7.53312E+06  7.89435E+06  8.44461E+06  9.23788E+06  1.03203E+07
  1.17105E+07  1.33834E+07  1.52589E+07  1.72113E+07  1.90852E+07  2.07047E+07
  2.19322E+07  2.26888E+07  2.29726E+07  2.28500E+07  2.24330E+07  2.18459E+07
  2.11954E+07  2.05513E+07  1.99392E+07  1.93366E+07  1.86675E+07  1.78015E+07

 jn =   10
  2.35608E-03  1.33666E-02  7.58312E-02  4.28300E-01  2.40237E+00  1.33096E+01
  7.27123E+01  3.91769E+02  2.05958E+03  1.01207E+04  3.98103E+04  9.06056E+04
  1.52588E+05  2.23531E+05  3.63382E+05  5.98009E+05  1.17106E+06  1.98996E+06
  3.16125E+06  4.90768E+06  6.94301E+06  9.10829E+06  1.13117E+07  1.32998E+07
  1.50196E+07  1.64669E+07  1.76285E+07  1.85338E+07  1.92284E+07  1.97405E+07
  2.02142E+07  2.05760E+07  2.08088E+07  2.10879E+07  2.13023E+07  2.16495E+07
  2.21498E+07  2.29056E+07  2.40858E+07  2.58664E+07  2.84155E+07  3.18769E+07
  3.63085E+07  4.16320E+07  4.75943E+07  5.37993E+07  5.97561E+07  6.49098E+07
  6.88244E+07  7.12505E+07  7.21810E+07  7.18248E+07  7.05348E+07  6.87041E+07
  6.66693E+07  6.46512E+07  6.27307E+07  6.08372E+07  5.87304E+07  5.59988E+07

 jn =   11
  7.45033E-03  4.22675E-02  2.39791E-01  1.35411E+00  7.58912E+00  4.19284E+01
  2.27710E+02  1.21731E+03  6.35575E+03  3.11033E+04  1.22208E+05  2.78557E+05
  4.70993E+05  6.92251E+05  1.13274E+06  1.86990E+06  3.66554E+06  6.23366E+06
  9.89990E+06  1.53429E+07  2.16600E+07  2.83368E+07  3.50666E+07  4.10503E+07
  4.61196E+07  5.02704E+07  5.34857E+07  5.58789E+07  5.76227E+07  5.88267E+07
  5.99597E+07  6.08128E+07  6.13437E+07  6.21019E+07  6.27465E+07  6.38884E+07
  6.55853E+07  6.81386E+07  7.20402E+07  7.78548E+07  8.60998E+07  9.72209E+07
  1.11397E+08  1.28381E+08  1.47378E+08  1.67140E+08  1.86119E+08  2.02562E+08
  2.15091E+08  2.22915E+08  2.26006E+08  2.25020E+08  2.21068E+08  2.15390E+08
  2.09047E+08  2.02737E+08  1.96716E+08  1.90761E+08  1.84114E+08  1.75475E+08

 jn =   12
  2.35597E-02  1.33660E-01  7.58277E-01  4.28172E+00  2.39882E+01  1.32347E+02
  7.16587E+02  3.81521E+03  1.98374E+04  9.66659E+04  3.78375E+05  8.61167E+05
  1.45885E+06  2.15270E+06  3.53884E+06  5.84846E+06  1.14473E+07  1.94550E+07
  3.08864E+07  4.77884E+07  6.73709E+07  8.80118E+07  1.08707E+08  1.26967E+08
  1.42246E+08  1.54531E+08  1.63803E+08  1.70433E+08  1.75012E+08  1.77913E+08
  1.80610E+08  1.82523E+08  1.83551E+08  1.85405E+08  1.87082E+08  1.90464E+08
  1.95752E+08  2.03966E+08  2.16751E+08  2.35623E+08  2.62182E+08  2.97808E+08
  3.43055E+08  3.97144E+08  4.57577E+08  5.20422E+08  5.80781E+08  6.33133E+08
  6.73110E+08  6.98203E+08  7.08311E+08  7.05491E+08  6.93244E+08  6.75474E+08
  6.55530E+08  6.35611E+08  6.16523E+08  5.97560E+08  5.76326E+08  5.48720E+08

 jn =   13
  7.45021E-02  4.22669E-01  2.39787E+00  1.35396E+01  7.58448E+01  4.18228E+02
  2.26160E+03  1.20118E+04  6.21429E+04  3.00317E+05  1.16751E+06  2.65687E+06
  4.52376E+06  6.71905E+06  1.10744E+07  1.82812E+07  3.56153E+07  6.03863E+07
  9.58544E+07  1.48063E+08  2.08647E+08  2.72624E+08  3.36752E+08  3.93391E+08
  4.40705E+08  4.78606E+08  5.07019E+08  5.27098E+08  5.40719E+08  5.49045E+08
  5.56546E+08  5.61630E+08  5.64075E+08  5.69043E+08  5.73724E+08  5.83814E+08
  6.00097E+08  6.26043E+08  6.67182E+08  7.27625E+08  8.12371E+08  9.25716E+08
  1.06938E+09  1.24091E+09  1.43245E+09  1.63158E+09  1.82278E+09  1.98865E+09
  2.11534E+09  2.19491E+09  2.22701E+09  2.21812E+09  2.17928E+09  2.12282E+09
  2.05929E+09  1.99564E+09  1.93442E+09  1.87339E+09  1.80502E+09  1.71639E+09

 jn =   14
  2.35596E-01  1.33659E+00  7.58273E+00  4.28156E+01  2.39829E+02  1.32223E+03
  7.14564E+03  3.78584E+04  1.94347E+05  9.28692E+05  3.59810E+06  8.23588E+06
  1.41265E+07  2.10792E+07  3.47287E+07  5.71870E+07  1.10745E+08  1.87118E+08
  2.96898E+08  4.57581E+08  6.44481E+08  8.42480E+08  1.04133E+09  1.21794E+09
  1.36597E+09  1.48519E+09  1.57498E+09  1.63905E+09  1.68311E+09  1.71052E+09
  1.73452E+09  1.75088E+09  1.75922E+09  1.77452E+09  1.78951E+09  1.82096E+09
  1.87212E+09  1.95433E+09  2.08521E+09  2.27716E+09  2.54595E+09  2.90493E+09
  3.35947E+09  3.90181E+09  4.50739E+09  5.13693E+09  5.74106E+09  6.26505E+09
  6.66505E+09  6.91592E+09  7.01651E+09  6.98737E+09  6.86338E+09  6.68345E+09
  6.48100E+09  6.27797E+09  6.08240E+09  5.88733E+09  5.66904E+09  5.38680E+09

 jn =   15
  7.45020E-01  4.22668E+00  2.39787E+01  1.35394E+02  7.58393E+02  4.18091E+03
  2.25863E+04  1.19384E+05  6.08102E+05  2.88265E+06  1.11914E+07  2.57808E+07
  4.44275E+07  6.64152E+07  1.09294E+08  1.79675E+08  3.46545E+08  5.83950E+08
  9.25980E+08  1.42424E+09  2.00433E+09  2.61967E+09  3.23844E+09  3.79021E+09
  4.25400E+09  4.62975E+09  4.91427E+09  5.12000E+09  5.26419E+09  5.35639E+09
  5.43582E+09  5.49118E+09  5.52216E+09  5.57181E+09  5.62202E+09  5.72193E+09
  5.88422E+09  6.14523E+09  6.55960E+09  7.16711E+09  8.01751E+09  9.15257E+09
  1.05890E+10  1.23025E+10  1.42160E+10  1.62056E+10  1.81142E+10  1.97695E+10
  2.10329E+10  2.18247E+10  2.21412E+10  2.20476E+10  2.16541E+10  2.10837E+10
  2.04419E+10  1.97983E+10  1.91781E+10  1.85596E+10  1.78678E+10  1.69741E+10

 H2 depl. Rate(jt,jn) (s**-1)
 jn =   1; jt = 1 -> 60 going by rows   ne(jn) = 10**(10 + 0.5*(jn-1)) jn=1,15
 -2.48822E-08 -1.41162E-07 -8.00836E-07 -4.54308E-06 -2.57688E-05 -1.46085E-04
 -8.26601E-04 -4.64596E-03 -2.55189E-02 -1.30749E-01 -5.35345E-01 -1.26610E+00
 -2.20495E+00 -3.38849E+00 -5.66736E+00 -9.51240E+00 -1.88256E+01 -3.23358E+01
 -5.22640E+01 -8.31174E+01 -1.21397E+02 -1.65712E+02 -2.15515E+02 -2.66770E+02
 -3.18149E+02 -3.68547E+02 -4.16212E+02 -4.60002E+02 -4.99143E+02 -5.32719E+02
 -5.62399E+02 -5.85897E+02 -6.02239E+02 -6.14784E+02 -6.21131E+02 -6.25405E+02
 -6.28147E+02 -6.32042E+02 -6.41309E+02 -6.58357E+02 -6.86596E+02 -7.29015E+02
 -7.87112E+02 -8.60113E+02 -9.44403E+02 -1.03411E+03 -1.12188E+03 -1.19930E+03
 -1.25992E+03 -1.30020E+03 -1.32040E+03 -1.32399E+03 -1.31645E+03 -1.30348E+03
 -1.28953E+03 -1.27707E+03 -1.26648E+03 -1.25610E+03 -1.24179E+03 -1.21636E+03

 jn =   2
 -7.86846E-08 -4.46394E-07 -2.53247E-06 -1.43665E-05 -8.14880E-05 -4.61962E-04
 -2.61394E-03 -1.46918E-02 -8.06980E-02 -4.13466E-01 -1.69291E+00 -4.00373E+00
 -6.97264E+00 -1.07148E+01 -1.79209E+01 -3.00793E+01 -5.95289E+01 -1.02251E+02
 -1.65269E+02 -2.62835E+02 -3.83886E+02 -5.24021E+02 -6.81511E+02 -8.43595E+02
 -1.00607E+03 -1.16544E+03 -1.31617E+03 -1.45465E+03 -1.57843E+03 -1.68460E+03
 -1.77846E+03 -1.85277E+03 -1.90445E+03 -1.94412E+03 -1.96419E+03 -1.97770E+03
 -1.98637E+03 -1.99869E+03 -2.02800E+03 -2.08191E+03 -2.17121E+03 -2.30535E+03
 -2.48907E+03 -2.71992E+03 -2.98646E+03 -3.27014E+03 -3.54768E+03 -3.79252E+03
 -3.98420E+03 -4.11160E+03 -4.17548E+03 -4.18684E+03 -4.16297E+03 -4.12195E+03
 -4.07786E+03 -4.03845E+03 -4.00495E+03 -3.97214E+03 -3.92689E+03 -3.84647E+03

 jn =   3
 -2.48822E-07 -1.41162E-06 -8.00836E-06 -4.54308E-05 -2.57688E-04 -1.46085E-03
 -8.26601E-03 -4.64596E-02 -2.55189E-01 -1.30749E+00 -5.35345E+00 -1.26609E+01
 -2.20494E+01 -3.38824E+01 -5.66694E+01 -9.51167E+01 -1.88243E+02 -3.23343E+02
 -5.22622E+02 -8.31149E+02 -1.21395E+03 -1.65709E+03 -2.15512E+03 -2.66767E+03
 -3.18147E+03 -3.68544E+03 -4.16210E+03 -4.60000E+03 -4.99142E+03 -5.32718E+03
 -5.62399E+03 -5.85896E+03 -6.02239E+03 -6.14784E+03 -6.21131E+03 -6.25405E+03
 -6.28147E+03 -6.32042E+03 -6.41309E+03 -6.58357E+03 -6.86596E+03 -7.29014E+03
 -7.87112E+03 -8.60113E+03 -9.44403E+03 -1.03411E+04 -1.12188E+04 -1.19930E+04
 -1.25992E+04 -1.30020E+04 -1.32040E+04 -1.32399E+04 -1.31645E+04 -1.30347E+04
 -1.28953E+04 -1.27707E+04 -1.26647E+04 -1.25610E+04 -1.24179E+04 -1.21636E+04

 jn =   4
 -7.86846E-07 -4.46394E-06 -2.53247E-05 -1.43665E-04 -8.14880E-04 -4.61962E-03
 -2.61394E-02 -1.46918E-01 -8.06980E-01 -4.13466E+00 -1.69291E+01 -4.00372E+01
 -6.97263E+01 -1.07144E+02 -1.79202E+02 -3.00780E+02 -5.95268E+02 -1.02249E+03
 -1.65266E+03 -2.62831E+03 -3.83881E+03 -5.24015E+03 -6.81505E+03 -8.43590E+03
 -1.00607E+04 -1.16544E+04 -1.31617E+04 -1.45465E+04 -1.57842E+04 -1.68460E+04
 -1.77846E+04 -1.85277E+04 -1.90445E+04 -1.94412E+04 -1.96419E+04 -1.97770E+04
 -1.98637E+04 -1.99869E+04 -2.02800E+04 -2.08191E+04 -2.17121E+04 -2.30535E+04
 -2.48907E+04 -2.71992E+04 -2.98646E+04 -3.27014E+04 -3.54768E+04 -3.79252E+04
 -3.98420E+04 -4.11160E+04 -4.17548E+04 -4.18683E+04 -4.16297E+04 -4.12195E+04
 -4.07786E+04 -4.03845E+04 -4.00494E+04 -3.97214E+04 -3.92689E+04 -3.84646E+04

 jn =   5
 -2.48822E-06 -1.41162E-05 -8.00836E-05 -4.54308E-04 -2.57688E-03 -1.46085E-02
 -8.26601E-02 -4.64596E-01 -2.55189E+00 -1.30749E+01 -5.35344E+01 -1.26608E+02
 -2.20493E+02 -3.38806E+02 -5.66666E+02 -9.51119E+02 -1.88235E+03 -3.23333E+03
 -5.22611E+03 -8.31135E+03 -1.21393E+04 -1.65707E+04 -2.15510E+04 -2.66766E+04
 -3.18145E+04 -3.68543E+04 -4.16209E+04 -4.59999E+04 -4.99141E+04 -5.32717E+04
 -5.62398E+04 -5.85896E+04 -6.02238E+04 -6.14784E+04 -6.21130E+04 -6.25404E+04
 -6.28146E+04 -6.32041E+04 -6.41308E+04 -6.58357E+04 -6.86596E+04 -7.29014E+04
 -7.87112E+04 -8.60113E+04 -9.44403E+04 -1.03411E+05 -1.12188E+05 -1.19930E+05
 -1.25992E+05 -1.30020E+05 -1.32040E+05 -1.32399E+05 -1.31645E+05 -1.30347E+05
 -1.28953E+05 -1.27707E+05 -1.26647E+05 -1.25610E+05 -1.24179E+05 -1.21635E+05

 jn =   6
 -7.86846E-06 -4.46394E-05 -2.53247E-04 -1.43665E-03 -8.14880E-03 -4.61962E-02
 -2.61394E-01 -1.46918E+00 -8.06980E+00 -4.13466E+01 -1.69290E+02 -4.00366E+02
 -6.97258E+02 -1.07129E+03 -1.79178E+03 -3.00740E+03 -5.95202E+03 -1.02241E+04
 -1.65257E+04 -2.62819E+04 -3.83867E+04 -5.24001E+04 -6.81490E+04 -8.43576E+04
 -1.00605E+05 -1.16543E+05 -1.31616E+05 -1.45464E+05 -1.57842E+05 -1.68460E+05
 -1.77846E+05 -1.85276E+05 -1.90444E+05 -1.94412E+05 -1.96419E+05 -1.97770E+05
 -1.98637E+05 -1.99869E+05 -2.02799E+05 -2.08191E+05 -2.17121E+05 -2.30534E+05
 -2.48906E+05 -2.71991E+05 -2.98646E+05 -3.27014E+05 -3.54768E+05 -3.79252E+05
 -3.98420E+05 -4.11160E+05 -4.17547E+05 -4.18683E+05 -4.16296E+05 -4.12194E+05
 -4.07784E+05 -4.03843E+05 -4.00492E+05 -3.97211E+05 -3.92685E+05 -3.84641E+05

 jn =   7
 -2.48822E-05 -1.41162E-04 -8.00836E-04 -4.54308E-03 -2.57688E-02 -1.46085E-01
 -8.26601E-01 -4.64596E+00 -2.55189E+01 -1.30749E+02 -5.35340E+02 -1.26603E+03
 -2.20489E+03 -3.38665E+03 -5.66440E+03 -9.50734E+03 -1.88171E+04 -3.23257E+04
 -5.22522E+04 -8.31019E+04 -1.21379E+05 -1.65693E+05 -2.15495E+05 -2.66752E+05
 -3.18132E+05 -3.68531E+05 -4.16199E+05 -4.59991E+05 -4.99134E+05 -5.32712E+05
 -5.62393E+05 -5.85892E+05 -6.02235E+05 -6.14782E+05 -6.21129E+05 -6.25403E+05
 -6.28145E+05 -6.32040E+05 -6.41307E+05 -6.58356E+05 -6.86595E+05 -7.29013E+05
 -7.87110E+05 -8.60111E+05 -9.44401E+05 -1.03411E+06 -1.12187E+06 -1.19930E+06
 -1.25991E+06 -1.30020E+06 -1.32039E+06 -1.32399E+06 -1.31644E+06 -1.30346E+06
 -1.28952E+06 -1.27705E+06 -1.26645E+06 -1.25607E+06 -1.24175E+06 -1.21631E+06

 jn =   8
 -7.86846E-05 -4.46394E-04 -2.53247E-03 -1.43665E-02 -8.14880E-02 -4.61962E-01
 -2.61394E+00 -1.46918E+01 -8.06980E+01 -4.13466E+02 -1.69286E+03 -4.00319E+03
 -6.97216E+03 -1.06994E+04 -1.78963E+04 -3.00371E+04 -5.94583E+04 -1.02167E+05
 -1.65171E+05 -2.62705E+05 -3.83736E+05 -5.23861E+05 -6.81347E+05 -8.43439E+05
 -1.00593E+06 -1.16531E+06 -1.31606E+06 -1.45455E+06 -1.57835E+06 -1.68454E+06
 -1.77841E+06 -1.85272E+06 -1.90441E+06 -1.94409E+06 -1.96417E+06 -1.97769E+06
 -1.98636E+06 -1.99868E+06 -2.02798E+06 -2.08190E+06 -2.17120E+06 -2.30533E+06
 -2.48905E+06 -2.71990E+06 -2.98644E+06 -3.27012E+06 -3.54766E+06 -3.79249E+06
 -3.98416E+06 -4.11155E+06 -4.17541E+06 -4.18675E+06 -4.16287E+06 -4.12182E+06
 -4.07770E+06 -4.03825E+06 -4.00469E+06 -3.97181E+06 -3.92648E+06 -3.84595E+06

 jn =   9
 -2.48822E-04 -1.41162E-03 -8.00836E-03 -4.54308E-02 -2.57688E-01 -1.46085E+00
 -8.26601E+00 -4.64596E+01 -2.55189E+02 -1.30749E+03 -5.35306E+03 -1.26563E+04
 -2.20453E+04 -3.37504E+04 -5.64558E+04 -9.47434E+04 -1.87609E+05 -3.22574E+05
 -5.21717E+05 -8.29945E+05 -1.21254E+06 -1.65558E+06 -2.15357E+06 -2.66618E+06
 -3.18009E+06 -3.68419E+06 -4.16101E+06 -4.59907E+06 -4.99065E+06 -5.32656E+06
 -5.62347E+06 -5.85855E+06 -6.02207E+06 -6.14758E+06 -6.21110E+06 -6.25387E+06
 -6.28132E+06 -6.32030E+06 -6.41297E+06 -6.58346E+06 -6.86585E+06 -7.29003E+06
 -7.87098E+06 -8.60097E+06 -9.44384E+06 -1.03409E+07 -1.12185E+07 -1.19927E+07
 -1.25987E+07 -1.30015E+07 -1.32034E+07 -1.32391E+07 -1.31634E+07 -1.30335E+07
 -1.28937E+07 -1.27687E+07 -1.26622E+07 -1.25578E+07 -1.24139E+07 -1.21586E+07

 jn =   10
 -7.86846E-04 -4.46394E-03 -2.53247E-02 -1.43665E-01 -8.14880E-01 -4.61962E+00
 -2.61394E+01 -1.46918E+02 -8.06980E+02 -4.13466E+03 -1.69265E+04 -4.00064E+04
 -6.96979E+04 -1.06205E+05 -1.77638E+05 -2.97930E+05 -5.90252E+05 -1.01617E+06
 -1.64498E+06 -2.61781E+06 -3.82622E+06 -5.22644E+06 -6.80070E+06 -8.42190E+06
 -1.00476E+07 -1.16424E+07 -1.31512E+07 -1.45374E+07 -1.57767E+07 -1.68400E+07
 -1.77796E+07 -1.85236E+07 -1.90414E+07 -1.94386E+07 -1.96399E+07 -1.97753E+07
 -1.98623E+07 -1.99857E+07 -2.02788E+07 -2.08180E+07 -2.17110E+07 -2.30523E+07
 -2.48893E+07 -2.71976E+07 -2.98628E+07 -3.26993E+07 -3.54742E+07 -3.79220E+07
 -3.98380E+07 -4.11110E+07 -4.17485E+07 -4.18606E+07 -4.16200E+07 -4.12073E+07
 -4.07634E+07 -4.03655E+07 -4.00257E+07 -3.96917E+07 -3.92319E+07 -3.84184E+07

 jn =   11
 -2.48822E-03 -1.41162E-02 -8.00836E-02 -4.54308E-01 -2.57688E+00 -1.46085E+01
 -8.26601E+01 -4.64596E+02 -2.55189E+03 -1.30749E+04 -5.35231E+04 -1.26464E+05
 -2.20355E+05 -3.34015E+05 -5.58213E+05 -9.34561E+05 -1.85098E+06 -3.19064E+06
 -5.17096E+06 -8.23207E+06 -1.20398E+07 -1.64581E+07 -2.14292E+07 -2.65544E+07
 -3.16978E+07 -3.67459E+07 -4.15240E+07 -4.59158E+07 -4.98437E+07 -5.32152E+07
 -5.61926E+07 -5.85510E+07 -6.01946E+07 -6.14536E+07 -6.20942E+07 -6.25244E+07
 -6.28011E+07 -6.31929E+07 -6.41199E+07 -6.58251E+07 -6.86490E+07 -7.28903E+07
 -7.86987E+07 -8.59966E+07 -9.44231E+07 -1.03391E+08 -1.12163E+08 -1.19900E+08
 -1.25954E+08 -1.29974E+08 -1.31983E+08 -1.32328E+08 -1.31557E+08 -1.30239E+08
 -1.28818E+08 -1.27540E+08 -1.26441E+08 -1.25354E+08 -1.23863E+08 -1.21246E+08

 jn =   12
 -7.86846E-03 -4.46394E-02 -2.53247E-01 -1.43665E+00 -8.14880E+00 -4.61962E+01
 -2.61394E+02 -1.46918E+03 -8.06980E+03 -4.13466E+04 -1.69257E+05 -3.99890E+05
 -6.96760E+05 -1.05299E+06 -1.75607E+06 -2.93072E+06 -5.78921E+06 -9.97648E+06
 -1.61806E+07 -2.57544E+07 -3.76885E+07 -5.15718E+07 -6.72164E+07 -8.33883E+07
 -9.96508E+07 -1.15635E+08 -1.30788E+08 -1.44734E+08 -1.57224E+08 -1.67960E+08
 -1.77426E+08 -1.84932E+08 -1.90182E+08 -1.94189E+08 -1.96249E+08 -1.97626E+08
 -1.98516E+08 -1.99768E+08 -2.02701E+08 -2.08095E+08 -2.17026E+08 -2.30435E+08
 -2.48795E+08 -2.71861E+08 -2.98495E+08 -3.26837E+08 -3.54553E+08 -3.78991E+08
 -3.98102E+08 -4.10771E+08 -4.17070E+08 -4.18098E+08 -4.15581E+08 -4.11319E+08
 -4.06716E+08 -4.02540E+08 -3.98904E+08 -3.95280E+08 -3.90342E+08 -3.81803E+08

 jn =   13
 -2.48822E-02 -1.41162E-01 -8.00836E-01 -4.54308E+00 -2.57688E+01 -1.46085E+02
 -8.26601E+02 -4.64596E+03 -2.55189E+04 -1.30749E+05 -5.35270E+05 -1.26468E+06
 -2.20326E+06 -3.32320E+06 -5.52206E+06 -9.17535E+06 -1.80237E+07 -3.09861E+07
 -5.02655E+07 -7.99064E+07 -1.16960E+08 -1.60234E+08 -2.09120E+08 -2.59909E+08
 -3.11192E+08 -3.61773E+08 -4.09902E+08 -4.54358E+08 -4.94307E+08 -5.28763E+08
 -5.59059E+08 -5.83140E+08 -6.00132E+08 -6.12990E+08 -6.19761E+08 -6.24233E+08
 -6.27157E+08 -6.31216E+08 -6.40509E+08 -6.57576E+08 -6.85824E+08 -7.28209E+08
 -7.86218E+08 -8.59078E+08 -9.43209E+08 -1.03273E+09 -1.12022E+09 -1.19733E+09
 -1.25755E+09 -1.29736E+09 -1.31699E+09 -1.31989E+09 -1.31154E+09 -1.29761E+09
 -1.28255E+09 -1.26877E+09 -1.25663E+09 -1.24447E+09 -1.22808E+09 -1.20025E+09

 jn =   14
 -7.86846E-02 -4.46394E-01 -2.53247E+00 -1.43665E+01 -8.14880E+01 -4.61962E+02
 -2.61394E+03 -1.46918E+04 -8.06980E+04 -4.13466E+05 -1.69277E+06 -3.99952E+06
 -6.96692E+06 -1.04868E+07 -1.73555E+07 -2.87198E+07 -5.60496E+07 -9.60031E+07
 -1.55655E+08 -2.46824E+08 -3.61031E+08 -4.94858E+08 -6.46432E+08 -8.04891E+08
 -9.65742E+08 -1.12529E+09 -1.27799E+09 -1.41993E+09 -1.54827E+09 -1.65963E+09
 -1.75718E+09 -1.83506E+09 -1.89082E+09 -1.93244E+09 -1.95521E+09 -1.96997E+09
 -1.97980E+09 -1.99318E+09 -2.02263E+09 -2.07666E+09 -2.16603E+09 -2.29997E+09
 -2.48315E+09 -2.71316E+09 -2.97881E+09 -3.26148E+09 -3.53753E+09 -3.78070E+09
 -3.97041E+09 -4.09548E+09 -4.15662E+09 -4.16485E+09 -4.13742E+09 -4.09232E+09
 -4.04357E+09 -3.99887E+09 -3.95934E+09 -3.91971E+09 -3.86674E+09 -3.77759E+09

 jn =   15
 -2.48822E-01 -1.41162E+00 -8.00836E+00 -4.54308E+01 -2.57688E+02 -1.46085E+03
 -8.26601E+03 -4.64596E+04 -2.55189E+05 -1.30749E+06 -5.35316E+06 -1.26479E+07
 -2.20304E+07 -3.31160E+07 -5.46629E+07 -9.02514E+07 -1.75381E+08 -2.99531E+08
 -4.85271E+08 -7.67691E+08 -1.12162E+09 -1.53676E+09 -2.00754E+09 -2.50171E+09
 -3.00515E+09 -3.50701E+09 -3.98966E+09 -4.44116E+09 -4.85194E+09 -5.21039E+09
 -5.52360E+09 -5.77484E+09 -5.95719E+09 -6.09152E+09 -6.16771E+09 -6.21618E+09
 -6.24896E+09 -6.29297E+09 -6.38619E+09 -6.55715E+09 -6.83989E+09 -7.26324E+09
 -7.84181E+09 -8.56814E+09 -9.40729E+09 -1.03004E+10 -1.11721E+10 -1.19399E+10
 -1.25387E+10 -1.29330E+10 -1.31251E+10 -1.31500E+10 -1.30621E+10 -1.29185E+10
 -1.27633E+10 -1.26210E+10 -1.24951E+10 -1.23689E+10 -1.22007E+10 -1.19181E+10

 H2 creation Rate(jt,jn) (s**-1)
 jn =   1; jt = 1 -> 60 going by rows   ne(jn) = 10**(10 + 0.5*(jn-1)) jn=1,15
  0.00000E+00  0.00000E+00  0.00000E+00  0.00000E+00  0.00000E+00  0.00000E+00
  0.00000E+00  0.00000E+00  0.00000E+00  0.00000E+00  0.00000E+00  0.00000E+00
  0.00000E+00  0.00000E+00  0.00000E+00  0.00000E+00  0.00000E+00  0.00000E+00
  0.00000E+00  0.00000E+00  0.00000E+00  0.00000E+00  0.00000E+00  0.00000E+00
  0.00000E+00  0.00000E+00  0.00000E+00  0.00000E+00  0.00000E+00  0.00000E+00
  0.00000E+00  0.00000E+00  0.00000E+00  0.00000E+00  0.00000E+00  0.00000E+00
  0.00000E+00  0.00000E+00  0.00000E+00  0.00000E+00  0.00000E+00  0.00000E+00
  0.00000E+00  0.00000E+00  0.00000E+00  0.00000E+00  0.00000E+00  0.00000E+00
  0.00000E+00  0.00000E+00  0.00000E+00  0.00000E+00  0.00000E+00  0.00000E+00
  0.00000E+00  0.00000E+00  0.00000E+00  0.00000E+00  0.00000E+00  0.00000E+00

 jn =   2
  0.00000E+00  0.00000E+00  0.00000E+00  0.00000E+00  0.00000E+00  0.00000E+00
  0.00000E+00  0.00000E+00  0.00000E+00  0.00000E+00  0.00000E+00  0.00000E+00
  0.00000E+00  0.00000E+00  0.00000E+00  0.00000E+00  0.00000E+00  0.00000E+00
  0.00000E+00  0.00000E+00  0.00000E+00  0.00000E+00  0.00000E+00  0.00000E+00
  0.00000E+00  0.00000E+00  0.00000E+00  0.00000E+00  0.00000E+00  0.00000E+00
  0.00000E+00  0.00000E+00  0.00000E+00  0.00000E+00  0.00000E+00  0.00000E+00
  0.00000E+00  0.00000E+00  0.00000E+00  0.00000E+00  0.00000E+00  0.00000E+00
  0.00000E+00  0.00000E+00  0.00000E+00  0.00000E+00  0.00000E+00  0.00000E+00
  0.00000E+00  0.00000E+00  0.00000E+00  0.00000E+00  0.00000E+00  0.00000E+00
  0.00000E+00  0.00000E+00  0.00000E+00  0.00000E+00  0.00000E+00  0.00000E+00

 jn =   3
  0.00000E+00  0.00000E+00  0.00000E+00  0.00000E+00  0.00000E+00  0.00000E+00
  0.00000E+00  0.00000E+00  0.00000E+00  0.00000E+00  0.00000E+00  0.00000E+00
  0.00000E+00  0.00000E+00  0.00000E+00  0.00000E+00  0.00000E+00  0.00000E+00
  0.00000E+00  0.00000E+00  0.00000E+00  0.00000E+00  0.00000E+00  0.00000E+00
  0.00000E+00  0.00000E+00  0.00000E+00  0.00000E+00  0.00000E+00  0.00000E+00
  0.00000E+00  0.00000E+00  0.00000E+00  0.00000E+00  0.00000E+00  0.00000E+00
  0.00000E+00  0.00000E+00  0.00000E+00  0.00000E+00  0.00000E+00  0.00000E+00
  0.00000E+00  0.00000E+00  0.00000E+00  0.00000E+00  0.00000E+00  0.00000E+00
  0.00000E+00  0.00000E+00  0.00000E+00  0.00000E+00  0.00000E+00  0.00000E+00
  0.00000E+00  0.00000E+00  0.00000E+00  0.00000E+00  0.00000E+00  0.00000E+00

 jn =   4
  0.00000E+00  0.00000E+00  0.00000E+00  0.00000E+00  0.00000E+00  0.00000E+00
  0.00000E+00  0.00000E+00  0.00000E+00  0.00000E+00  0.00000E+00  0.00000E+00
  0.00000E+00  0.00000E+00  0.00000E+00  0.00000E+00  0.00000E+00  0.00000E+00
  0.00000E+00  0.00000E+00  0.00000E+00  0.00000E+00  0.00000E+00  0.00000E+00
  0.00000E+00  0.00000E+00  0.00000E+00  0.00000E+00  0.00000E+00  0.00000E+00
  0.00000E+00  0.00000E+00  0.00000E+00  0.00000E+00  0.00000E+00  0.00000E+00
  0.00000E+00  0.00000E+00  0.00000E+00  0.00000E+00  0.00000E+00  0.00000E+00
  0.00000E+00  0.00000E+00  0.00000E+00  0.00000E+00  0.00000E+00  0.00000E+00
  0.00000E+00  0.00000E+00  0.00000E+00  0.00000E+00  0.00000E+00  0.00000E+00
  0.00000E+00  0.00000E+00  0.00000E+00  0.00000E+00  0.00000E+00  0.00000E+00

 jn =   5
  0.00000E+00  0.00000E+00  0.00000E+00  0.00000E+00  0.00000E+00  0.00000E+00
  0.00000E+00  0.00000E+00  0.00000E+00  0.00000E+00  0.00000E+00  0.00000E+00
  0.00000E+00  0.00000E+00  0.00000E+00  0.00000E+00  0.00000E+00  0.00000E+00
  0.00000E+00  0.00000E+00  0.00000E+00  0.00000E+00  0.00000E+00  0.00000E+00
  0.00000E+00  0.00000E+00  0.00000E+00  0.00000E+00  0.00000E+00  0.00000E+00
  0.00000E+00  0.00000E+00  0.00000E+00  0.00000E+00  0.00000E+00  0.00000E+00
  0.00000E+00  0.00000E+00  0.00000E+00  0.00000E+00  0.00000E+00  0.00000E+00
  0.00000E+00  0.00000E+00  0.00000E+00  0.00000E+00  0.00000E+00  0.00000E+00
  0.00000E+00  0.00000E+00  0.00000E+00  0.00000E+00  0.00000E+00  0.00000E+00
  0.00000E+00  0.00000E+00  0.00000E+00  0.00000E+00  0.00000E+00  0.00000E+00

 jn =   6
  0.00000E+00  0.00000E+00  0.00000E+00  0.00000E+00  0.00000E+00  0.00000E+00
  0.00000E+00  0.00000E+00  0.00000E+00  0.00000E+00  0.00000E+00  0.00000E+00
  0.00000E+00  0.00000E+00  0.00000E+00  0.00000E+00  0.00000E+00  0.00000E+00
  0.00000E+00  0.00000E+00  0.00000E+00  0.00000E+00  0.00000E+00  0.00000E+00
  0.00000E+00  0.00000E+00  0.00000E+00  0.00000E+00  0.00000E+00  0.00000E+00
  0.00000E+00  0.00000E+00  0.00000E+00  0.00000E+00  0.00000E+00  0.00000E+00
  0.00000E+00  0.00000E+00  0.00000E+00  0.00000E+00  0.00000E+00  0.00000E+00
  0.00000E+00  0.00000E+00  0.00000E+00  0.00000E+00  0.00000E+00  0.00000E+00
  0.00000E+00  0.00000E+00  0.00000E+00  0.00000E+00  0.00000E+00  0.00000E+00
  0.00000E+00  0.00000E+00  0.00000E+00  0.00000E+00  0.00000E+00  0.00000E+00

 jn =   7
  0.00000E+00  0.00000E+00  0.00000E+00  0.00000E+00  0.00000E+00  0.00000E+00
  0.00000E+00  0.00000E+00  0.00000E+00  0.00000E+00  0.00000E+00  0.00000E+00
  0.00000E+00  0.00000E+00  0.00000E+00  0.00000E+00  0.00000E+00  0.00000E+00
  0.00000E+00  0.00000E+00  0.00000E+00  0.00000E+00  0.00000E+00  0.00000E+00
  0.00000E+00  0.00000E+00  0.00000E+00  0.00000E+00  0.00000E+00  0.00000E+00
  0.00000E+00  0.00000E+00  0.00000E+00  0.00000E+00  0.00000E+00  0.00000E+00
  0.00000E+00  0.00000E+00  0.00000E+00  0.00000E+00  0.00000E+00  0.00000E+00
  0.00000E+00  0.00000E+00  0.00000E+00  0.00000E+00  0.00000E+00  0.00000E+00
  0.00000E+00  0.00000E+00  0.00000E+00  0.00000E+00  0.00000E+00  0.00000E+00
  0.00000E+00  0.00000E+00  0.00000E+00  0.00000E+00  0.00000E+00  0.00000E+00

 jn =   8
  0.00000E+00  0.00000E+00  0.00000E+00  0.00000E+00  0.00000E+00  0.00000E+00
  0.00000E+00  0.00000E+00  0.00000E+00  0.00000E+00  0.00000E+00  0.00000E+00
  0.00000E+00  0.00000E+00  0.00000E+00  0.00000E+00  0.00000E+00  0.00000E+00
  0.00000E+00  0.00000E+00  0.00000E+00  0.00000E+00  0.00000E+00  0.00000E+00
  0.00000E+00  0.00000E+00  0.00000E+00  0.00000E+00  0.00000E+00  0.00000E+00
  0.00000E+00  0.00000E+00  0.00000E+00  0.00000E+00  0.00000E+00  0.00000E+00
  0.00000E+00  0.00000E+00  0.00000E+00  0.00000E+00  0.00000E+00  0.00000E+00
  0.00000E+00  0.00000E+00  0.00000E+00  0.00000E+00  0.00000E+00  0.00000E+00
  0.00000E+00  0.00000E+00  0.00000E+00  0.00000E+00  0.00000E+00  0.00000E+00
  0.00000E+00  0.00000E+00  0.00000E+00  0.00000E+00  0.00000E+00  0.00000E+00

 jn =   9
  0.00000E+00  0.00000E+00  0.00000E+00  0.00000E+00  0.00000E+00  0.00000E+00
  0.00000E+00  0.00000E+00  0.00000E+00  0.00000E+00  0.00000E+00  0.00000E+00
  0.00000E+00  0.00000E+00  0.00000E+00  0.00000E+00  0.00000E+00  0.00000E+00
  0.00000E+00  0.00000E+00  0.00000E+00  0.00000E+00  0.00000E+00  0.00000E+00
  0.00000E+00  0.00000E+00  0.00000E+00  0.00000E+00  0.00000E+00  0.00000E+00
  0.00000E+00  0.00000E+00  0.00000E+00  0.00000E+00  0.00000E+00  0.00000E+00
  0.00000E+00  0.00000E+00  0.00000E+00  0.00000E+00  0.00000E+00  0.00000E+00
  0.00000E+00  0.00000E+00  0.00000E+00  0.00000E+00  0.00000E+00  0.00000E+00
  0.00000E+00  0.00000E+00  0.00000E+00  0.00000E+00  0.00000E+00  0.00000E+00
  0.00000E+00  0.00000E+00  0.00000E+00  0.00000E+00  0.00000E+00  0.00000E+00

 jn =   10
  0.00000E+00  0.00000E+00  0.00000E+00  0.00000E+00  0.00000E+00  0.00000E+00
  0.00000E+00  0.00000E+00  0.00000E+00  0.00000E+00  0.00000E+00  0.00000E+00
  0.00000E+00  0.00000E+00  0.00000E+00  0.00000E+00  0.00000E+00  0.00000E+00
  0.00000E+00  0.00000E+00  0.00000E+00  0.00000E+00  0.00000E+00  0.00000E+00
  0.00000E+00  0.00000E+00  0.00000E+00  0.00000E+00  0.00000E+00  0.00000E+00
  0.00000E+00  0.00000E+00  0.00000E+00  0.00000E+00  0.00000E+00  0.00000E+00
  0.00000E+00  0.00000E+00  0.00000E+00  0.00000E+00  0.00000E+00  0.00000E+00
  0.00000E+00  0.00000E+00  0.00000E+00  0.00000E+00  0.00000E+00  0.00000E+00
  0.00000E+00  0.00000E+00  0.00000E+00  0.00000E+00  0.00000E+00  0.00000E+00
  0.00000E+00  0.00000E+00  0.00000E+00  0.00000E+00  0.00000E+00  0.00000E+00

 jn =   11
  0.00000E+00  0.00000E+00  0.00000E+00  0.00000E+00  0.00000E+00  0.00000E+00
  0.00000E+00  0.00000E+00  0.00000E+00  0.00000E+00  0.00000E+00  0.00000E+00
  0.00000E+00  0.00000E+00  0.00000E+00  0.00000E+00  0.00000E+00  0.00000E+00
  0.00000E+00  0.00000E+00  0.00000E+00  0.00000E+00  0.00000E+00  0.00000E+00
  0.00000E+00  0.00000E+00  0.00000E+00  0.00000E+00  0.00000E+00  0.00000E+00
  0.00000E+00  0.00000E+00  0.00000E+00  0.00000E+00  0.00000E+00  0.00000E+00
  0.00000E+00  0.00000E+00  0.00000E+00  0.00000E+00  0.00000E+00  0.00000E+00
  0.00000E+00  0.00000E+00  0.00000E+00  0.00000E+00  0.00000E+00  0.00000E+00
  0.00000E+00  0.00000E+00  0.00000E+00  0.00000E+00  0.00000E+00  0.00000E+00
  0.00000E+00  0.00000E+00  0.00000E+00  0.00000E+00  0.00000E+00  0.00000E+00

 jn =   12
  0.00000E+00  0.00000E+00  0.00000E+00  0.00000E+00  0.00000E+00  0.00000E+00
  0.00000E+00  0.00000E+00  0.00000E+00  0.00000E+00  0.00000E+00  0.00000E+00
  0.00000E+00  0.00000E+00  0.00000E+00  0.00000E+00  0.00000E+00  0.00000E+00
  0.00000E+00  0.00000E+00  0.00000E+00  0.00000E+00  0.00000E+00  0.00000E+00
  0.00000E+00  0.00000E+00  0.00000E+00  0.00000E+00  0.00000E+00  0.00000E+00
  0.00000E+00  0.00000E+00  0.00000E+00  0.00000E+00  0.00000E+00  0.00000E+00
  0.00000E+00  0.00000E+00  0.00000E+00  0.00000E+00  0.00000E+00  0.00000E+00
  0.00000E+00  0.00000E+00  0.00000E+00  0.00000E+00  0.00000E+00  0.00000E+00
  0.00000E+00  0.00000E+00  0.00000E+00  0.00000E+00  0.00000E+00  0.00000E+00
  0.00000E+00  0.00000E+00  0.00000E+00  0.00000E+00  0.00000E+00  0.00000E+00

 jn =   13
  0.00000E+00  0.00000E+00  0.00000E+00  0.00000E+00  0.00000E+00  0.00000E+00
  0.00000E+00  0.00000E+00  0.00000E+00  0.00000E+00  0.00000E+00  0.00000E+00
  0.00000E+00  0.00000E+00  0.00000E+00  0.00000E+00  0.00000E+00  0.00000E+00
  0.00000E+00  0.00000E+00  0.00000E+00  0.00000E+00  0.00000E+00  0.00000E+00
  0.00000E+00  0.00000E+00  0.00000E+00  0.00000E+00  0.00000E+00  0.00000E+00
  0.00000E+00  0.00000E+00  0.00000E+00  0.00000E+00  0.00000E+00  0.00000E+00
  0.00000E+00  0.00000E+00  0.00000E+00  0.00000E+00  0.00000E+00  0.00000E+00
  0.00000E+00  0.00000E+00  0.00000E+00  0.00000E+00  0.00000E+00  0.00000E+00
  0.00000E+00  0.00000E+00  0.00000E+00  0.00000E+00  0.00000E+00  0.00000E+00
  0.00000E+00  0.00000E+00  0.00000E+00  0.00000E+00  0.00000E+00  0.00000E+00

 jn =   14
  0.00000E+00  0.00000E+00  0.00000E+00  0.00000E+00  0.00000E+00  0.00000E+00
  0.00000E+00  0.00000E+00  0.00000E+00  0.00000E+00  0.00000E+00  0.00000E+00
  0.00000E+00  0.00000E+00  0.00000E+00  0.00000E+00  0.00000E+00  0.00000E+00
  0.00000E+00  0.00000E+00  0.00000E+00  0.00000E+00  0.00000E+00  0.00000E+00
  0.00000E+00  0.00000E+00  0.00000E+00  0.00000E+00  0.00000E+00  0.00000E+00
  0.00000E+00  0.00000E+00  0.00000E+00  0.00000E+00  0.00000E+00  0.00000E+00
  0.00000E+00  0.00000E+00  0.00000E+00  0.00000E+00  0.00000E+00  0.00000E+00
  0.00000E+00  0.00000E+00  0.00000E+00  0.00000E+00  0.00000E+00  0.00000E+00
  0.00000E+00  0.00000E+00  0.00000E+00  0.00000E+00  0.00000E+00  0.00000E+00
  0.00000E+00  0.00000E+00  0.00000E+00  0.00000E+00  0.00000E+00  0.00000E+00

 jn =   15
  0.00000E+00  0.00000E+00  0.00000E+00  0.00000E+00  0.00000E+00  0.00000E+00
  0.00000E+00  0.00000E+00  0.00000E+00  0.00000E+00  0.00000E+00  0.00000E+00
  0.00000E+00  0.00000E+00  0.00000E+00  0.00000E+00  0.00000E+00  0.00000E+00
  0.00000E+00  0.00000E+00  0.00000E+00  0.00000E+00  0.00000E+00  0.00000E+00
  0.00000E+00  0.00000E+00  0.00000E+00  0.00000E+00  0.00000E+00  0.00000E+00
  0.00000E+00  0.00000E+00  0.00000E+00  0.00000E+00  0.00000E+00  0.00000E+00
  0.00000E+00  0.00000E+00  0.00000E+00  0.00000E+00  0.00000E+00  0.00000E+00
  0.00000E+00  0.00000E+00  0.00000E+00  0.00000E+00  0.00000E+00  0.00000E+00
  0.00000E+00  0.00000E+00  0.00000E+00  0.00000E+00  0.00000E+00  0.00000E+00
  0.00000E+00  0.00000E+00  0.00000E+00  0.00000E+00  0.00000E+00  0.00000E+00

 H0 external source Rate(jt,jn) (s**-1)
 jn =   1; jt = 1 -> 60 going by rows   ne(jn) = 10**(10 + 0.5*(jn-1)) jn=1,15
  0.00000E+00  0.00000E+00  0.00000E+00  0.00000E+00  0.00000E+00  0.00000E+00
  0.00000E+00  0.00000E+00  0.00000E+00  0.00000E+00  0.00000E+00  0.00000E+00
  0.00000E+00  0.00000E+00  0.00000E+00  0.00000E+00  0.00000E+00  0.00000E+00
  0.00000E+00  0.00000E+00  0.00000E+00  0.00000E+00  0.00000E+00  0.00000E+00
  0.00000E+00  0.00000E+00  0.00000E+00  0.00000E+00  0.00000E+00  0.00000E+00
  0.00000E+00  0.00000E+00  0.00000E+00  0.00000E+00  0.00000E+00  0.00000E+00
  0.00000E+00  0.00000E+00  0.00000E+00  0.00000E+00  0.00000E+00  0.00000E+00
  0.00000E+00  0.00000E+00  0.00000E+00  0.00000E+00  0.00000E+00  0.00000E+00
  0.00000E+00  0.00000E+00  0.00000E+00  0.00000E+00  0.00000E+00  0.00000E+00
  0.00000E+00  0.00000E+00  0.00000E+00  0.00000E+00  0.00000E+00  0.00000E+00

 jn =   2
  0.00000E+00  0.00000E+00  0.00000E+00  0.00000E+00  0.00000E+00  0.00000E+00
  0.00000E+00  0.00000E+00  0.00000E+00  0.00000E+00  0.00000E+00  0.00000E+00
  0.00000E+00  0.00000E+00  0.00000E+00  0.00000E+00  0.00000E+00  0.00000E+00
  0.00000E+00  0.00000E+00  0.00000E+00  0.00000E+00  0.00000E+00  0.00000E+00
  0.00000E+00  0.00000E+00  0.00000E+00  0.00000E+00  0.00000E+00  0.00000E+00
  0.00000E+00  0.00000E+00  0.00000E+00  0.00000E+00  0.00000E+00  0.00000E+00
  0.00000E+00  0.00000E+00  0.00000E+00  0.00000E+00  0.00000E+00  0.00000E+00
  0.00000E+00  0.00000E+00  0.00000E+00  0.00000E+00  0.00000E+00  0.00000E+00
  0.00000E+00  0.00000E+00  0.00000E+00  0.00000E+00  0.00000E+00  0.00000E+00
  0.00000E+00  0.00000E+00  0.00000E+00  0.00000E+00  0.00000E+00  0.00000E+00

 jn =   3
  0.00000E+00  0.00000E+00  0.00000E+00  0.00000E+00  0.00000E+00  0.00000E+00
  0.00000E+00  0.00000E+00  0.00000E+00  0.00000E+00  0.00000E+00  0.00000E+00
  0.00000E+00  0.00000E+00  0.00000E+00  0.00000E+00  0.00000E+00  0.00000E+00
  0.00000E+00  0.00000E+00  0.00000E+00  0.00000E+00  0.00000E+00  0.00000E+00
  0.00000E+00  0.00000E+00  0.00000E+00  0.00000E+00  0.00000E+00  0.00000E+00
  0.00000E+00  0.00000E+00  0.00000E+00  0.00000E+00  0.00000E+00  0.00000E+00
  0.00000E+00  0.00000E+00  0.00000E+00  0.00000E+00  0.00000E+00  0.00000E+00
  0.00000E+00  0.00000E+00  0.00000E+00  0.00000E+00  0.00000E+00  0.00000E+00
  0.00000E+00  0.00000E+00  0.00000E+00  0.00000E+00  0.00000E+00  0.00000E+00
  0.00000E+00  0.00000E+00  0.00000E+00  0.00000E+00  0.00000E+00  0.00000E+00

 jn =   4
  0.00000E+00  0.00000E+00  0.00000E+00  0.00000E+00  0.00000E+00  0.00000E+00
  0.00000E+00  0.00000E+00  0.00000E+00  0.00000E+00  0.00000E+00  0.00000E+00
  0.00000E+00  0.00000E+00  0.00000E+00  0.00000E+00  0.00000E+00  0.00000E+00
  0.00000E+00  0.00000E+00  0.00000E+00  0.00000E+00  0.00000E+00  0.00000E+00
  0.00000E+00  0.00000E+00  0.00000E+00  0.00000E+00  0.00000E+00  0.00000E+00
  0.00000E+00  0.00000E+00  0.00000E+00  0.00000E+00  0.00000E+00  0.00000E+00
  0.00000E+00  0.00000E+00  0.00000E+00  0.00000E+00  0.00000E+00  0.00000E+00
  0.00000E+00  0.00000E+00  0.00000E+00  0.00000E+00  0.00000E+00  0.00000E+00
  0.00000E+00  0.00000E+00  0.00000E+00  0.00000E+00  0.00000E+00  0.00000E+00
  0.00000E+00  0.00000E+00  0.00000E+00  0.00000E+00  0.00000E+00  0.00000E+00

 jn =   5
  0.00000E+00  0.00000E+00  0.00000E+00  0.00000E+00  0.00000E+00  0.00000E+00
  0.00000E+00  0.00000E+00  0.00000E+00  0.00000E+00  0.00000E+00  0.00000E+00
  0.00000E+00  0.00000E+00  0.00000E+00  0.00000E+00  0.00000E+00  0.00000E+00
  0.00000E+00  0.00000E+00  0.00000E+00  0.00000E+00  0.00000E+00  0.00000E+00
  0.00000E+00  0.00000E+00  0.00000E+00  0.00000E+00  0.00000E+00  0.00000E+00
  0.00000E+00  0.00000E+00  0.00000E+00  0.00000E+00  0.00000E+00  0.00000E+00
  0.00000E+00  0.00000E+00  0.00000E+00  0.00000E+00  0.00000E+00  0.00000E+00
  0.00000E+00  0.00000E+00  0.00000E+00  0.00000E+00  0.00000E+00  0.00000E+00
  0.00000E+00  0.00000E+00  0.00000E+00  0.00000E+00  0.00000E+00  0.00000E+00
  0.00000E+00  0.00000E+00  0.00000E+00  0.00000E+00  0.00000E+00  0.00000E+00

 jn =   6
  0.00000E+00  0.00000E+00  0.00000E+00  0.00000E+00  0.00000E+00  0.00000E+00
  0.00000E+00  0.00000E+00  0.00000E+00  0.00000E+00  0.00000E+00  0.00000E+00
  0.00000E+00  0.00000E+00  0.00000E+00  0.00000E+00  0.00000E+00  0.00000E+00
  0.00000E+00  0.00000E+00  0.00000E+00  0.00000E+00  0.00000E+00  0.00000E+00
  0.00000E+00  0.00000E+00  0.00000E+00  0.00000E+00  0.00000E+00  0.00000E+00
  0.00000E+00  0.00000E+00  0.00000E+00  0.00000E+00  0.00000E+00  0.00000E+00
  0.00000E+00  0.00000E+00  0.00000E+00  0.00000E+00  0.00000E+00  0.00000E+00
  0.00000E+00  0.00000E+00  0.00000E+00  0.00000E+00  0.00000E+00  0.00000E+00
  0.00000E+00  0.00000E+00  0.00000E+00  0.00000E+00  0.00000E+00  0.00000E+00
  0.00000E+00  0.00000E+00  0.00000E+00  0.00000E+00  0.00000E+00  0.00000E+00

 jn =   7
  0.00000E+00  0.00000E+00  0.00000E+00  0.00000E+00  0.00000E+00  0.00000E+00
  0.00000E+00  0.00000E+00  0.00000E+00  0.00000E+00  0.00000E+00  0.00000E+00
  0.00000E+00  0.00000E+00  0.00000E+00  0.00000E+00  0.00000E+00  0.00000E+00
  0.00000E+00  0.00000E+00  0.00000E+00  0.00000E+00  0.00000E+00  0.00000E+00
  0.00000E+00  0.00000E+00  0.00000E+00  0.00000E+00  0.00000E+00  0.00000E+00
  0.00000E+00  0.00000E+00  0.00000E+00  0.00000E+00  0.00000E+00  0.00000E+00
  0.00000E+00  0.00000E+00  0.00000E+00  0.00000E+00  0.00000E+00  0.00000E+00
  0.00000E+00  0.00000E+00  0.00000E+00  0.00000E+00  0.00000E+00  0.00000E+00
  0.00000E+00  0.00000E+00  0.00000E+00  0.00000E+00  0.00000E+00  0.00000E+00
  0.00000E+00  0.00000E+00  0.00000E+00  0.00000E+00  0.00000E+00  0.00000E+00

 jn =   8
  0.00000E+00  0.00000E+00  0.00000E+00  0.00000E+00  0.00000E+00  0.00000E+00
  0.00000E+00  0.00000E+00  0.00000E+00  0.00000E+00  0.00000E+00  0.00000E+00
  0.00000E+00  0.00000E+00  0.00000E+00  0.00000E+00  0.00000E+00  0.00000E+00
  0.00000E+00  0.00000E+00  0.00000E+00  0.00000E+00  0.00000E+00  0.00000E+00
  0.00000E+00  0.00000E+00  0.00000E+00  0.00000E+00  0.00000E+00  0.00000E+00
  0.00000E+00  0.00000E+00  0.00000E+00  0.00000E+00  0.00000E+00  0.00000E+00
  0.00000E+00  0.00000E+00  0.00000E+00  0.00000E+00  0.00000E+00  0.00000E+00
  0.00000E+00  0.00000E+00  0.00000E+00  0.00000E+00  0.00000E+00  0.00000E+00
  0.00000E+00  0.00000E+00  0.00000E+00  0.00000E+00  0.00000E+00  0.00000E+00
  0.00000E+00  0.00000E+00  0.00000E+00  0.00000E+00  0.00000E+00  0.00000E+00

 jn =   9
  0.00000E+00  0.00000E+00  0.00000E+00  0.00000E+00  0.00000E+00  0.00000E+00
  0.00000E+00  0.00000E+00  0.00000E+00  0.00000E+00  0.00000E+00  0.00000E+00
  0.00000E+00  0.00000E+00  0.00000E+00  0.00000E+00  0.00000E+00  0.00000E+00
  0.00000E+00  0.00000E+00  0.00000E+00  0.00000E+00  0.00000E+00  0.00000E+00
  0.00000E+00  0.00000E+00  0.00000E+00  0.00000E+00  0.00000E+00  0.00000E+00
  0.00000E+00  0.00000E+00  0.00000E+00  0.00000E+00  0.00000E+00  0.00000E+00
  0.00000E+00  0.00000E+00  0.00000E+00  0.00000E+00  0.00000E+00  0.00000E+00
  0.00000E+00  0.00000E+00  0.00000E+00  0.00000E+00  0.00000E+00  0.00000E+00
  0.00000E+00  0.00000E+00  0.00000E+00  0.00000E+00  0.00000E+00  0.00000E+00
  0.00000E+00  0.00000E+00  0.00000E+00  0.00000E+00  0.00000E+00  0.00000E+00

 jn =   10
  0.00000E+00  0.00000E+00  0.00000E+00  0.00000E+00  0.00000E+00  0.00000E+00
  0.00000E+00  0.00000E+00  0.00000E+00  0.00000E+00  0.00000E+00  0.00000E+00
  0.00000E+00  0.00000E+00  0.00000E+00  0.00000E+00  0.00000E+00  0.00000E+00
  0.00000E+00  0.00000E+00  0.00000E+00  0.00000E+00  0.00000E+00  0.00000E+00
  0.00000E+00  0.00000E+00  0.00000E+00  0.00000E+00  0.00000E+00  0.00000E+00
  0.00000E+00  0.00000E+00  0.00000E+00  0.00000E+00  0.00000E+00  0.00000E+00
  0.00000E+00  0.00000E+00  0.00000E+00  0.00000E+00  0.00000E+00  0.00000E+00
  0.00000E+00  0.00000E+00  0.00000E+00  0.00000E+00  0.00000E+00  0.00000E+00
  0.00000E+00  0.00000E+00  0.00000E+00  0.00000E+00  0.00000E+00  0.00000E+00
  0.00000E+00  0.00000E+00  0.00000E+00  0.00000E+00  0.00000E+00  0.00000E+00

 jn =   11
  0.00000E+00  0.00000E+00  0.00000E+00  0.00000E+00  0.00000E+00  0.00000E+00
  0.00000E+00  0.00000E+00  0.00000E+00  0.00000E+00  0.00000E+00  0.00000E+00
  0.00000E+00  0.00000E+00  0.00000E+00  0.00000E+00  0.00000E+00  0.00000E+00
  0.00000E+00  0.00000E+00  0.00000E+00  0.00000E+00  0.00000E+00  0.00000E+00
  0.00000E+00  0.00000E+00  0.00000E+00  0.00000E+00  0.00000E+00  0.00000E+00
  0.00000E+00  0.00000E+00  0.00000E+00  0.00000E+00  0.00000E+00  0.00000E+00
  0.00000E+00  0.00000E+00  0.00000E+00  0.00000E+00  0.00000E+00  0.00000E+00
  0.00000E+00  0.00000E+00  0.00000E+00  0.00000E+00  0.00000E+00  0.00000E+00
  0.00000E+00  0.00000E+00  0.00000E+00  0.00000E+00  0.00000E+00  0.00000E+00
  0.00000E+00  0.00000E+00  0.00000E+00  0.00000E+00  0.00000E+00  0.00000E+00

 jn =   12
  0.00000E+00  0.00000E+00  0.00000E+00  0.00000E+00  0.00000E+00  0.00000E+00
  0.00000E+00  0.00000E+00  0.00000E+00  0.00000E+00  0.00000E+00  0.00000E+00
  0.00000E+00  0.00000E+00  0.00000E+00  0.00000E+00  0.00000E+00  0.00000E+00
  0.00000E+00  0.00000E+00  0.00000E+00  0.00000E+00  0.00000E+00  0.00000E+00
  0.00000E+00  0.00000E+00  0.00000E+00  0.00000E+00  0.00000E+00  0.00000E+00
  0.00000E+00  0.00000E+00  0.00000E+00  0.00000E+00  0.00000E+00  0.00000E+00
  0.00000E+00  0.00000E+00  0.00000E+00  0.00000E+00  0.00000E+00  0.00000E+00
  0.00000E+00  0.00000E+00  0.00000E+00  0.00000E+00  0.00000E+00  0.00000E+00
  0.00000E+00  0.00000E+00  0.00000E+00  0.00000E+00  0.00000E+00  0.00000E+00
  0.00000E+00  0.00000E+00  0.00000E+00  0.00000E+00  0.00000E+00  0.00000E+00

 jn =   13
  0.00000E+00  0.00000E+00  0.00000E+00  0.00000E+00  0.00000E+00  0.00000E+00
  0.00000E+00  0.00000E+00  0.00000E+00  0.00000E+00  0.00000E+00  0.00000E+00
  0.00000E+00  0.00000E+00  0.00000E+00  0.00000E+00  0.00000E+00  0.00000E+00
  0.00000E+00  0.00000E+00  0.00000E+00  0.00000E+00  0.00000E+00  0.00000E+00
  0.00000E+00  0.00000E+00  0.00000E+00  0.00000E+00  0.00000E+00  0.00000E+00
  0.00000E+00  0.00000E+00  0.00000E+00  0.00000E+00  0.00000E+00  0.00000E+00
  0.00000E+00  0.00000E+00  0.00000E+00  0.00000E+00  0.00000E+00  0.00000E+00
  0.00000E+00  0.00000E+00  0.00000E+00  0.00000E+00  0.00000E+00  0.00000E+00
  0.00000E+00  0.00000E+00  0.00000E+00  0.00000E+00  0.00000E+00  0.00000E+00
  0.00000E+00  0.00000E+00  0.00000E+00  0.00000E+00  0.00000E+00  0.00000E+00

 jn =   14
  0.00000E+00  0.00000E+00  0.00000E+00  0.00000E+00  0.00000E+00  0.00000E+00
  0.00000E+00  0.00000E+00  0.00000E+00  0.00000E+00  0.00000E+00  0.00000E+00
  0.00000E+00  0.00000E+00  0.00000E+00  0.00000E+00  0.00000E+00  0.00000E+00
  0.00000E+00  0.00000E+00  0.00000E+00  0.00000E+00  0.00000E+00  0.00000E+00
  0.00000E+00  0.00000E+00  0.00000E+00  0.00000E+00  0.00000E+00  0.00000E+00
  0.00000E+00  0.00000E+00  0.00000E+00  0.00000E+00  0.00000E+00  0.00000E+00
  0.00000E+00  0.00000E+00  0.00000E+00  0.00000E+00  0.00000E+00  0.00000E+00
  0.00000E+00  0.00000E+00  0.00000E+00  0.00000E+00  0.00000E+00  0.00000E+00
  0.00000E+00  0.00000E+00  0.00000E+00  0.00000E+00  0.00000E+00  0.00000E+00
  0.00000E+00  0.00000E+00  0.00000E+00  0.00000E+00  0.00000E+00  0.00000E+00

 jn =   15
  0.00000E+00  0.00000E+00  0.00000E+00  0.00000E+00  0.00000E+00  0.00000E+00
  0.00000E+00  0.00000E+00  0.00000E+00  0.00000E+00  0.00000E+00  0.00000E+00
  0.00000E+00  0.00000E+00  0.00000E+00  0.00000E+00  0.00000E+00  0.00000E+00
  0.00000E+00  0.00000E+00  0.00000E+00  0.00000E+00  0.00000E+00  0.00000E+00
  0.00000E+00  0.00000E+00  0.00000E+00  0.00000E+00  0.00000E+00  0.00000E+00
  0.00000E+00  0.00000E+00  0.00000E+00  0.00000E+00  0.00000E+00  0.00000E+00
  0.00000E+00  0.00000E+00  0.00000E+00  0.00000E+00  0.00000E+00  0.00000E+00
  0.00000E+00  0.00000E+00  0.00000E+00  0.00000E+00  0.00000E+00  0.00000E+00
  0.00000E+00  0.00000E+00  0.00000E+00  0.00000E+00  0.00000E+00  0.00000E+00
  0.00000E+00  0.00000E+00  0.00000E+00  0.00000E+00  0.00000E+00  0.00000E+00

 H2 external source Rate(jt,jn) (s**-1)
 jn =   1; jt = 1 -> 60 going by rows   ne(jn) = 10**(10 + 0.5*(jn-1)) jn=1,15
  0.00000E+00  0.00000E+00  0.00000E+00  0.00000E+00  0.00000E+00  0.00000E+00
  0.00000E+00  0.00000E+00  0.00000E+00  0.00000E+00  0.00000E+00  0.00000E+00
  0.00000E+00  0.00000E+00  0.00000E+00  0.00000E+00  0.00000E+00  0.00000E+00
  0.00000E+00  0.00000E+00  0.00000E+00  0.00000E+00  0.00000E+00  0.00000E+00
  0.00000E+00  0.00000E+00  0.00000E+00  0.00000E+00  0.00000E+00  0.00000E+00
  0.00000E+00  0.00000E+00  0.00000E+00  0.00000E+00  0.00000E+00  0.00000E+00
  0.00000E+00  0.00000E+00  0.00000E+00  0.00000E+00  0.00000E+00  0.00000E+00
  0.00000E+00  0.00000E+00  0.00000E+00  0.00000E+00  0.00000E+00  0.00000E+00
  0.00000E+00  0.00000E+00  0.00000E+00  0.00000E+00  0.00000E+00  0.00000E+00
  0.00000E+00  0.00000E+00  0.00000E+00  0.00000E+00  0.00000E+00  0.00000E+00

 jn =   2
  0.00000E+00  0.00000E+00  0.00000E+00  0.00000E+00  0.00000E+00  0.00000E+00
  0.00000E+00  0.00000E+00  0.00000E+00  0.00000E+00  0.00000E+00  0.00000E+00
  0.00000E+00  0.00000E+00  0.00000E+00  0.00000E+00  0.00000E+00  0.00000E+00
  0.00000E+00  0.00000E+00  0.00000E+00  0.00000E+00  0.00000E+00  0.00000E+00
  0.00000E+00  0.00000E+00  0.00000E+00  0.00000E+00  0.00000E+00  0.00000E+00
  0.00000E+00  0.00000E+00  0.00000E+00  0.00000E+00  0.00000E+00  0.00000E+00
  0.00000E+00  0.00000E+00  0.00000E+00  0.00000E+00  0.00000E+00  0.00000E+00
  0.00000E+00  0.00000E+00  0.00000E+00  0.00000E+00  0.00000E+00  0.00000E+00
  0.00000E+00  0.00000E+00  0.00000E+00  0.00000E+00  0.00000E+00  0.00000E+00
  0.00000E+00  0.00000E+00  0.00000E+00  0.00000E+00  0.00000E+00  0.00000E+00

 jn =   3
  0.00000E+00  0.00000E+00  0.00000E+00  0.00000E+00  0.00000E+00  0.00000E+00
  0.00000E+00  0.00000E+00  0.00000E+00  0.00000E+00  0.00000E+00  0.00000E+00
  0.00000E+00  0.00000E+00  0.00000E+00  0.00000E+00  0.00000E+00  0.00000E+00
  0.00000E+00  0.00000E+00  0.00000E+00  0.00000E+00  0.00000E+00  0.00000E+00
  0.00000E+00  0.00000E+00  0.00000E+00  0.00000E+00  0.00000E+00  0.00000E+00
  0.00000E+00  0.00000E+00  0.00000E+00  0.00000E+00  0.00000E+00  0.00000E+00
  0.00000E+00  0.00000E+00  0.00000E+00  0.00000E+00  0.00000E+00  0.00000E+00
  0.00000E+00  0.00000E+00  0.00000E+00  0.00000E+00  0.00000E+00  0.00000E+00
  0.00000E+00  0.00000E+00  0.00000E+00  0.00000E+00  0.00000E+00  0.00000E+00
  0.00000E+00  0.00000E+00  0.00000E+00  0.00000E+00  0.00000E+00  0.00000E+00

 jn =   4
  0.00000E+00  0.00000E+00  0.00000E+00  0.00000E+00  0.00000E+00  0.00000E+00
  0.00000E+00  0.00000E+00  0.00000E+00  0.00000E+00  0.00000E+00  0.00000E+00
  0.00000E+00  0.00000E+00  0.00000E+00  0.00000E+00  0.00000E+00  0.00000E+00
  0.00000E+00  0.00000E+00  0.00000E+00  0.00000E+00  0.00000E+00  0.00000E+00
  0.00000E+00  0.00000E+00  0.00000E+00  0.00000E+00  0.00000E+00  0.00000E+00
  0.00000E+00  0.00000E+00  0.00000E+00  0.00000E+00  0.00000E+00  0.00000E+00
  0.00000E+00  0.00000E+00  0.00000E+00  0.00000E+00  0.00000E+00  0.00000E+00
  0.00000E+00  0.00000E+00  0.00000E+00  0.00000E+00  0.00000E+00  0.00000E+00
  0.00000E+00  0.00000E+00  0.00000E+00  0.00000E+00  0.00000E+00  0.00000E+00
  0.00000E+00  0.00000E+00  0.00000E+00  0.00000E+00  0.00000E+00  0.00000E+00

 jn =   5
  0.00000E+00  0.00000E+00  0.00000E+00  0.00000E+00  0.00000E+00  0.00000E+00
  0.00000E+00  0.00000E+00  0.00000E+00  0.00000E+00  0.00000E+00  0.00000E+00
  0.00000E+00  0.00000E+00  0.00000E+00  0.00000E+00  0.00000E+00  0.00000E+00
  0.00000E+00  0.00000E+00  0.00000E+00  0.00000E+00  0.00000E+00  0.00000E+00
  0.00000E+00  0.00000E+00  0.00000E+00  0.00000E+00  0.00000E+00  0.00000E+00
  0.00000E+00  0.00000E+00  0.00000E+00  0.00000E+00  0.00000E+00  0.00000E+00
  0.00000E+00  0.00000E+00  0.00000E+00  0.00000E+00  0.00000E+00  0.00000E+00
  0.00000E+00  0.00000E+00  0.00000E+00  0.00000E+00  0.00000E+00  0.00000E+00
  0.00000E+00  0.00000E+00  0.00000E+00  0.00000E+00  0.00000E+00  0.00000E+00
  0.00000E+00  0.00000E+00  0.00000E+00  0.00000E+00  0.00000E+00  0.00000E+00

 jn =   6
  0.00000E+00  0.00000E+00  0.00000E+00  0.00000E+00  0.00000E+00  0.00000E+00
  0.00000E+00  0.00000E+00  0.00000E+00  0.00000E+00  0.00000E+00  0.00000E+00
  0.00000E+00  0.00000E+00  0.00000E+00  0.00000E+00  0.00000E+00  0.00000E+00
  0.00000E+00  0.00000E+00  0.00000E+00  0.00000E+00  0.00000E+00  0.00000E+00
  0.00000E+00  0.00000E+00  0.00000E+00  0.00000E+00  0.00000E+00  0.00000E+00
  0.00000E+00  0.00000E+00  0.00000E+00  0.00000E+00  0.00000E+00  0.00000E+00
  0.00000E+00  0.00000E+00  0.00000E+00  0.00000E+00  0.00000E+00  0.00000E+00
  0.00000E+00  0.00000E+00  0.00000E+00  0.00000E+00  0.00000E+00  0.00000E+00
  0.00000E+00  0.00000E+00  0.00000E+00  0.00000E+00  0.00000E+00  0.00000E+00
  0.00000E+00  0.00000E+00  0.00000E+00  0.00000E+00  0.00000E+00  0.00000E+00

 jn =   7
  0.00000E+00  0.00000E+00  0.00000E+00  0.00000E+00  0.00000E+00  0.00000E+00
  0.00000E+00  0.00000E+00  0.00000E+00  0.00000E+00  0.00000E+00  0.00000E+00
  0.00000E+00  0.00000E+00  0.00000E+00  0.00000E+00  0.00000E+00  0.00000E+00
  0.00000E+00  0.00000E+00  0.00000E+00  0.00000E+00  0.00000E+00  0.00000E+00
  0.00000E+00  0.00000E+00  0.00000E+00  0.00000E+00  0.00000E+00  0.00000E+00
  0.00000E+00  0.00000E+00  0.00000E+00  0.00000E+00  0.00000E+00  0.00000E+00
  0.00000E+00  0.00000E+00  0.00000E+00  0.00000E+00  0.00000E+00  0.00000E+00
  0.00000E+00  0.00000E+00  0.00000E+00  0.00000E+00  0.00000E+00  0.00000E+00
  0.00000E+00  0.00000E+00  0.00000E+00  0.00000E+00  0.00000E+00  0.00000E+00
  0.00000E+00  0.00000E+00  0.00000E+00  0.00000E+00  0.00000E+00  0.00000E+00

 jn =   8
  0.00000E+00  0.00000E+00  0.00000E+00  0.00000E+00  0.00000E+00  0.00000E+00
  0.00000E+00  0.00000E+00  0.00000E+00  0.00000E+00  0.00000E+00  0.00000E+00
  0.00000E+00  0.00000E+00  0.00000E+00  0.00000E+00  0.00000E+00  0.00000E+00
  0.00000E+00  0.00000E+00  0.00000E+00  0.00000E+00  0.00000E+00  0.00000E+00
  0.00000E+00  0.00000E+00  0.00000E+00  0.00000E+00  0.00000E+00  0.00000E+00
  0.00000E+00  0.00000E+00  0.00000E+00  0.00000E+00  0.00000E+00  0.00000E+00
  0.00000E+00  0.00000E+00  0.00000E+00  0.00000E+00  0.00000E+00  0.00000E+00
  0.00000E+00  0.00000E+00  0.00000E+00  0.00000E+00  0.00000E+00  0.00000E+00
  0.00000E+00  0.00000E+00  0.00000E+00  0.00000E+00  0.00000E+00  0.00000E+00
  0.00000E+00  0.00000E+00  0.00000E+00  0.00000E+00  0.00000E+00  0.00000E+00

 jn =   9
  0.00000E+00  0.00000E+00  0.00000E+00  0.00000E+00  0.00000E+00  0.00000E+00
  0.00000E+00  0.00000E+00  0.00000E+00  0.00000E+00  0.00000E+00  0.00000E+00
  0.00000E+00  0.00000E+00  0.00000E+00  0.00000E+00  0.00000E+00  0.00000E+00
  0.00000E+00  0.00000E+00  0.00000E+00  0.00000E+00  0.00000E+00  0.00000E+00
  0.00000E+00  0.00000E+00  0.00000E+00  0.00000E+00  0.00000E+00  0.00000E+00
  0.00000E+00  0.00000E+00  0.00000E+00  0.00000E+00  0.00000E+00  0.00000E+00
  0.00000E+00  0.00000E+00  0.00000E+00  0.00000E+00  0.00000E+00  0.00000E+00
  0.00000E+00  0.00000E+00  0.00000E+00  0.00000E+00  0.00000E+00  0.00000E+00
  0.00000E+00  0.00000E+00  0.00000E+00  0.00000E+00  0.00000E+00  0.00000E+00
  0.00000E+00  0.00000E+00  0.00000E+00  0.00000E+00  0.00000E+00  0.00000E+00

 jn =   10
  0.00000E+00  0.00000E+00  0.00000E+00  0.00000E+00  0.00000E+00  0.00000E+00
  0.00000E+00  0.00000E+00  0.00000E+00  0.00000E+00  0.00000E+00  0.00000E+00
  0.00000E+00  0.00000E+00  0.00000E+00  0.00000E+00  0.00000E+00  0.00000E+00
  0.00000E+00  0.00000E+00  0.00000E+00  0.00000E+00  0.00000E+00  0.00000E+00
  0.00000E+00  0.00000E+00  0.00000E+00  0.00000E+00  0.00000E+00  0.00000E+00
  0.00000E+00  0.00000E+00  0.00000E+00  0.00000E+00  0.00000E+00  0.00000E+00
  0.00000E+00  0.00000E+00  0.00000E+00  0.00000E+00  0.00000E+00  0.00000E+00
  0.00000E+00  0.00000E+00  0.00000E+00  0.00000E+00  0.00000E+00  0.00000E+00
  0.00000E+00  0.00000E+00  0.00000E+00  0.00000E+00  0.00000E+00  0.00000E+00
  0.00000E+00  0.00000E+00  0.00000E+00  0.00000E+00  0.00000E+00  0.00000E+00

 jn =   11
  0.00000E+00  0.00000E+00  0.00000E+00  0.00000E+00  0.00000E+00  0.00000E+00
  0.00000E+00  0.00000E+00  0.00000E+00  0.00000E+00  0.00000E+00  0.00000E+00
  0.00000E+00  0.00000E+00  0.00000E+00  0.00000E+00  0.00000E+00  0.00000E+00
  0.00000E+00  0.00000E+00  0.00000E+00  0.00000E+00  0.00000E+00  0.00000E+00
  0.00000E+00  0.00000E+00  0.00000E+00  0.00000E+00  0.00000E+00  0.00000E+00
  0.00000E+00  0.00000E+00  0.00000E+00  0.00000E+00  0.00000E+00  0.00000E+00
  0.00000E+00  0.00000E+00  0.00000E+00  0.00000E+00  0.00000E+00  0.00000E+00
  0.00000E+00  0.00000E+00  0.00000E+00  0.00000E+00  0.00000E+00  0.00000E+00
  0.00000E+00  0.00000E+00  0.00000E+00  0.00000E+00  0.00000E+00  0.00000E+00
  0.00000E+00  0.00000E+00  0.00000E+00  0.00000E+00  0.00000E+00  0.00000E+00

 jn =   12
  0.00000E+00  0.00000E+00  0.00000E+00  0.00000E+00  0.00000E+00  0.00000E+00
  0.00000E+00  0.00000E+00  0.00000E+00  0.00000E+00  0.00000E+00  0.00000E+00
  0.00000E+00  0.00000E+00  0.00000E+00  0.00000E+00  0.00000E+00  0.00000E+00
  0.00000E+00  0.00000E+00  0.00000E+00  0.00000E+00  0.00000E+00  0.00000E+00
  0.00000E+00  0.00000E+00  0.00000E+00  0.00000E+00  0.00000E+00  0.00000E+00
  0.00000E+00  0.00000E+00  0.00000E+00  0.00000E+00  0.00000E+00  0.00000E+00
  0.00000E+00  0.00000E+00  0.00000E+00  0.00000E+00  0.00000E+00  0.00000E+00
  0.00000E+00  0.00000E+00  0.00000E+00  0.00000E+00  0.00000E+00  0.00000E+00
  0.00000E+00  0.00000E+00  0.00000E+00  0.00000E+00  0.00000E+00  0.00000E+00
  0.00000E+00  0.00000E+00  0.00000E+00  0.00000E+00  0.00000E+00  0.00000E+00

 jn =   13
  0.00000E+00  0.00000E+00  0.00000E+00  0.00000E+00  0.00000E+00  0.00000E+00
  0.00000E+00  0.00000E+00  0.00000E+00  0.00000E+00  0.00000E+00  0.00000E+00
  0.00000E+00  0.00000E+00  0.00000E+00  0.00000E+00  0.00000E+00  0.00000E+00
  0.00000E+00  0.00000E+00  0.00000E+00  0.00000E+00  0.00000E+00  0.00000E+00
  0.00000E+00  0.00000E+00  0.00000E+00  0.00000E+00  0.00000E+00  0.00000E+00
  0.00000E+00  0.00000E+00  0.00000E+00  0.00000E+00  0.00000E+00  0.00000E+00
  0.00000E+00  0.00000E+00  0.00000E+00  0.00000E+00  0.00000E+00  0.00000E+00
  0.00000E+00  0.00000E+00  0.00000E+00  0.00000E+00  0.00000E+00  0.00000E+00
  0.00000E+00  0.00000E+00  0.00000E+00  0.00000E+00  0.00000E+00  0.00000E+00
  0.00000E+00  0.00000E+00  0.00000E+00  0.00000E+00  0.00000E+00  0.00000E+00

 jn =   14
  0.00000E+00  0.00000E+00  0.00000E+00  0.00000E+00  0.00000E+00  0.00000E+00
  0.00000E+00  0.00000E+00  0.00000E+00  0.00000E+00  0.00000E+00  0.00000E+00
  0.00000E+00  0.00000E+00  0.00000E+00  0.00000E+00  0.00000E+00  0.00000E+00
  0.00000E+00  0.00000E+00  0.00000E+00  0.00000E+00  0.00000E+00  0.00000E+00
  0.00000E+00  0.00000E+00  0.00000E+00  0.00000E+00  0.00000E+00  0.00000E+00
  0.00000E+00  0.00000E+00  0.00000E+00  0.00000E+00  0.00000E+00  0.00000E+00
  0.00000E+00  0.00000E+00  0.00000E+00  0.00000E+00  0.00000E+00  0.00000E+00
  0.00000E+00  0.00000E+00  0.00000E+00  0.00000E+00  0.00000E+00  0.00000E+00
  0.00000E+00  0.00000E+00  0.00000E+00  0.00000E+00  0.00000E+00  0.00000E+00
  0.00000E+00  0.00000E+00  0.00000E+00  0.00000E+00  0.00000E+00  0.00000E+00

 jn =   15
  0.00000E+00  0.00000E+00  0.00000E+00  0.00000E+00  0.00000E+00  0.00000E+00
  0.00000E+00  0.00000E+00  0.00000E+00  0.00000E+00  0.00000E+00  0.00000E+00
  0.00000E+00  0.00000E+00  0.00000E+00  0.00000E+00  0.00000E+00  0.00000E+00
  0.00000E+00  0.00000E+00  0.00000E+00  0.00000E+00  0.00000E+00  0.00000E+00
  0.00000E+00  0.00000E+00  0.00000E+00  0.00000E+00  0.00000E+00  0.00000E+00
  0.00000E+00  0.00000E+00  0.00000E+00  0.00000E+00  0.00000E+00  0.00000E+00
  0.00000E+00  0.00000E+00  0.00000E+00  0.00000E+00  0.00000E+00  0.00000E+00
  0.00000E+00  0.00000E+00  0.00000E+00  0.00000E+00  0.00000E+00  0.00000E+00
  0.00000E+00  0.00000E+00  0.00000E+00  0.00000E+00  0.00000E+00  0.00000E+00
  0.00000E+00  0.00000E+00  0.00000E+00  0.00000E+00  0.00000E+00  0.00000E+00


2022-05-24 16:56:06 by user holma2 using CRUMPET V1.0
Calculated from file "UEDGE-CRUMPET/D_2022/input_D_2022.dat"