13.598
24.587  54.416
 5.392  75.638  122.451
 9.322  18.211  153.893  217.713
 8.298  25.154   37.930  259.368  340.217
11.260  24.383   47.887   64.492  392.077  489.981
14.534  29.601   47.448   77.472   97.888  552.057  667.029
13.618  35.116   54.934   77.412  113.896  138.116  739.315  871.387
17.422  34.970   62.707   87.138  114.240  157.161  185.182  953.886 1103.089
21.564  40.962   63.45    97.11   126.21   157.93   207.27   239.09  1195.797 1362.164
 5.139  47.286   71.64    98.91   138.39   172.15   208.47   264.18   299.87  1465.091 1648.659 
 7.646  15.035   80.143  109.24   141.26   186.50   224.94   265.90   327.95   367.53  1761.802 1962.613
 5.986  18.828   28.447  119.99   153.71   190.47   241.43   284.59   330.21   398.57   442.07  2085.983 2304.080
 8.151  16.345   33.492   45.141  166.77   205.05   246.52   303.17   351.10   401.43   476.06   523.50  2437.676 2673.108
10.486  19.725   30.18    51.37    65.023  230.43   263.22   309.41   371.73   424.50   479.57   560.41   611.85  2816.943 3069.762                                          
10.360  23.33    34.83    47.30    72.68    88.049  280.93   328.23   379.10   447.09   504.78   564.65   651.63   707.14  3223.836 3494.099                                
12.967  23.81    39.61    53.46    67.8     98.03   114.193  348.28   400.05   455.62   529.26   591.97   656.69   749.74   809.39  3658.425 3946.193                        
15.759  27.629   40.74    59.81    75.02    91.007  124.319  143.456  422.44   478.68   538.95   618.24   686.09   755.73   854.75   918     4120.778 4426.114                
 4.341  31.625   45.72    60.91    82.66   100.0    117.56   154.86   175.814  503.44   564.13   629.09   714.02   787.13   861.77   968     1034     4610.955 4933.931        
 6.113  11.871   50.908   67.10    84.41   108.78   127.7    147.24   188.54   211.270  591.25   656.39   726.03   816.61   895.12   974     1087     1157     5129.045 5469.738
