   8   4   2   6   1

  0.000000000000000D+00  0.000000000000000D+00  0.000000000000000D+00
  0.000000000000000D+00  0.000000000000000D+00  0.000000000000000D+00
  0.000000000000000D+00  0.000000000000000D+00  0.000000000000000D+00
  0.000000000000000D+00  0.000000000000000D+00  1.081038975801833D+00
  1.220618686435230D+00  1.233794911885767D+00  1.394939549117812D+00
  1.969994000554519D+00  1.808849363322475D+00  1.386275067556722D+00
  1.432501886520628D+00  0.000000000000000D+00  0.000000000000000D+00
  1.056375515937601D+00  1.181261400647984D+00  1.182583586445063D+00
  1.391945332382236D+00  1.977717575963543D+00  1.842486863525776D+00
  1.466272702277874D+00  1.499078302252611D+00  0.000000000000000D+00
  0.000000000000000D+00  1.033850352180004D+00  1.118549693880324D+00
  1.125062201539315D+00  1.389188236961492D+00  1.986704696181260D+00
  1.900876043513076D+00  1.546734097998320D+00  1.552731356290588D+00
  0.000000000000000D+00  0.000000000000000D+00  1.018646387949273D+00
  1.083083425543544D+00  1.091502769617376D+00  1.387029140936567D+00
  1.996513440003562D+00  1.931933494642316D+00  1.594575274666078D+00
  1.596071146799042D+00  0.000000000000000D+00  0.000000000000000D+00
  0.000000000000000D+00  0.000000000000000D+00  0.000000000000000D+00
  0.000000000000000D+00  0.000000000000000D+00  0.000000000000000D+00
  0.000000000000000D+00  0.000000000000000D+00  0.000000000000000D+00
  0.000000000000000D+00  0.000000000000000D+00  0.000000000000000D+00
  0.000000000000000D+00  0.000000000000000D+00  0.000000000000000D+00
  0.000000000000000D+00  0.000000000000000D+00  0.000000000000000D+00
  0.000000000000000D+00  0.000000000000000D+00  1.076283222816338D+00
  1.109198222703914D+00  1.397147754736649D+00  1.094830951526863D+00
  1.697995683664828D+00  2.235130076796215D+00  1.326147437942586D+00
  1.393590046409511D+00  0.000000000000000D+00  0.000000000000000D+00
  1.051140862592661D+00  1.087533595094418D+00  1.359595490000000D+00
  1.083605451279556D+00  1.703326110000001D+00  2.243524131757034D+00
  1.359595490000000D+00  1.465767295874790D+00  0.000000000000000D+00
  0.000000000000000D+00  1.025759177029234D+00  1.061068429034091D+00
  1.216848088463426D+00  1.070285316037271D+00  1.710564452212115D+00
  2.253455609885023D+00  1.513372222461047D+00  1.526355800775657D+00
  0.000000000000000D+00  0.000000000000000D+00  1.008705577345254D+00
  1.039868225311434D+00  1.156414032712343D+00  1.056701368944220D+00
  1.719201810652363D+00  2.263596911975540D+00  1.573079429730695D+00
  1.574128939025881D+00  0.000000000000000D+00  0.000000000000000D+00
  0.000000000000000D+00  0.000000000000000D+00  0.000000000000000D+00
  0.000000000000000D+00  0.000000000000000D+00  0.000000000000000D+00
  0.000000000000000D+00  0.000000000000000D+00  0.000000000000000D+00
  0.000000000000000D+00  0.000000000000000D+00  0.000000000000000D+00
  0.000000000000000D+00  0.000000000000000D+00  0.000000000000000D+00
  0.000000000000000D+00  0.000000000000000D+00  0.000000000000000D+00
  0.000000000000000D+00  0.000000000000000D+00  1.109198222703914D+00
  1.326147437942586D+00  1.094830951526863D+00  1.697995683664828D+00
  2.235130076796215D+00  1.397147754736649D+00  1.393590046409511D+00
  1.398333897246697D+00  0.000000000000000D+00  0.000000000000000D+00
  1.087533595094418D+00  1.359595490000000D+00  1.083605451279556D+00
  1.703326110000001D+00  2.243524131757034D+00  1.359595490000000D+00
  1.465767295874790D+00  1.472316306551513D+00  0.000000000000000D+00
  0.000000000000000D+00  1.061068429034091D+00  1.216848088463426D+00
  1.070285316037271D+00  1.710564452212115D+00  2.253455609885023D+00
  1.513372222461047D+00  1.526355800775657D+00  1.531873805808484D+00
  0.000000000000000D+00  0.000000000000000D+00  1.039868225311434D+00
  1.156414032712343D+00  1.056701368944220D+00  1.719201810652363D+00
  2.263596911975540D+00  1.573079429730695D+00  1.574128939025881D+00
  1.578566879552330D+00  0.000000000000000D+00  0.000000000000000D+00
  0.000000000000000D+00  0.000000000000000D+00  0.000000000000000D+00
  0.000000000000000D+00  0.000000000000000D+00  0.000000000000000D+00
  0.000000000000000D+00  0.000000000000000D+00  0.000000000000000D+00
  0.000000000000000D+00  0.000000000000000D+00  0.000000000000000D+00
  0.000000000000000D+00  0.000000000000000D+00  0.000000000000000D+00
  0.000000000000000D+00  0.000000000000000D+00  0.000000000000000D+00
  0.000000000000000D+00  0.000000000000000D+00  1.051140862592661D+00
  1.087533595094418D+00  1.359595490000000D+00  1.083605451279556D+00
  1.703326110000001D+00  2.243524131757034D+00  1.359595490000000D+00
  1.465767295874790D+00  0.000000000000000D+00  0.000000000000000D+00
  1.025759177029234D+00  1.061068429034091D+00  1.216848088463426D+00
  1.070285316037271D+00  1.710564452212115D+00  2.253455609885023D+00
  1.513372222461047D+00  1.526355800775657D+00  0.000000000000000D+00
  0.000000000000000D+00  1.008705577345254D+00  1.039868225311434D+00
  1.156414032712343D+00  1.056701368944220D+00  1.719201810652363D+00
  2.263596911975540D+00  1.573079429730695D+00  1.574128939025881D+00
  0.000000000000000D+00  0.000000000000000D+00  1.000000000000000D+00
  1.026011749140403D+00  1.110039695009995D+00  1.042855981802948D+00
  1.729357402346737D+00  2.273897635039608D+00  1.617160001823422D+00
  1.613932728084313D+00  0.000000000000000D+00  0.000000000000000D+00
  0.000000000000000D+00  0.000000000000000D+00  0.000000000000000D+00
  0.000000000000000D+00  0.000000000000000D+00  0.000000000000000D+00
  0.000000000000000D+00  0.000000000000000D+00  0.000000000000000D+00
  0.000000000000000D+00  0.000000000000000D+00  0.000000000000000D+00
  0.000000000000000D+00  0.000000000000000D+00  0.000000000000000D+00
  0.000000000000000D+00  0.000000000000000D+00  0.000000000000000D+00
  0.000000000000000D+00  0.000000000000000D+00  1.087533595094418D+00
  1.359595490000000D+00  1.083605451279556D+00  1.703326110000001D+00
  2.243524131757034D+00  1.359595490000000D+00  1.465767295874790D+00
  1.472316306551513D+00  0.000000000000000D+00  0.000000000000000D+00
  1.061068429034091D+00  1.216848088463426D+00  1.070285316037271D+00
  1.710564452212115D+00  2.253455609885023D+00  1.513372222461047D+00
  1.526355800775657D+00  1.531873805808484D+00  0.000000000000000D+00
  0.000000000000000D+00  1.039868225311434D+00  1.156414032712343D+00
  1.056701368944220D+00  1.719201810652363D+00  2.263596911975540D+00
  1.573079429730695D+00  1.574128939025881D+00  1.578566879552330D+00
  0.000000000000000D+00  0.000000000000000D+00  1.026011749140403D+00
  1.110039695009995D+00  1.042855981802948D+00  1.729357402346737D+00
  2.273897635039608D+00  1.617160001823422D+00  1.613932728084313D+00
  1.617656040533643D+00  0.000000000000000D+00  0.000000000000000D+00
  0.000000000000000D+00  0.000000000000000D+00  0.000000000000000D+00
  0.000000000000000D+00  0.000000000000000D+00  0.000000000000000D+00
  0.000000000000000D+00  0.000000000000000D+00  0.000000000000000D+00

  0.000000000000000D+00  0.000000000000000D+00  0.000000000000000D+00
  0.000000000000000D+00  0.000000000000000D+00  0.000000000000000D+00
  0.000000000000000D+00  0.000000000000000D+00  0.000000000000000D+00
  0.000000000000000D+00  0.000000000000000D+00  3.464760673463192D-01
  4.065996141863116D-01  1.107535274542526D+00  2.022696820743587D+00
  1.929624117781442D+00  1.014462571580381D+00  4.068889690086930D-01
  3.533344641916369D-01  0.000000000000000D+00  0.000000000000000D+00
  3.795548903763533D-01  4.845730407375384D-01  1.099042810799740D+00
  2.033036419161341D+00  1.938411315141234D+00  9.805078158735135D-01
  4.451863816634013D-01  3.555290849448067D-01  0.000000000000000D+00
  0.000000000000000D+00  4.204451222358411D-01  5.435166952141699D-01
  1.136913166472751D+00  2.044441245482507D+00  1.948272956636952D+00
  9.802362428955366D-01  4.470628130322509D-01  3.563421436707944D-01
  0.000000000000000D+00  0.000000000000000D+00  4.721394486996761D-01
  5.944289355945237D-01  1.161888583609759D+00  2.056089127781436D+00
  1.958514029043030D+00  9.787269302965214D-01  4.468992499090435D-01
  3.564932578125010D-01  0.000000000000000D+00  0.000000000000000D+00
  0.000000000000000D+00  0.000000000000000D+00  0.000000000000000D+00
  0.000000000000000D+00  0.000000000000000D+00  0.000000000000000D+00
  0.000000000000000D+00  0.000000000000000D+00  0.000000000000000D+00
  0.000000000000000D+00  0.000000000000000D+00  0.000000000000000D+00
  0.000000000000000D+00  0.000000000000000D+00  0.000000000000000D+00
  0.000000000000000D+00  0.000000000000000D+00  0.000000000000000D+00
  0.000000000000000D+00  0.000000000000000D+00  3.237167771836617D-01
  3.396893363663316D-01  6.617852159021373D-01  1.620397419309548D+00
  2.415584636029402D+00  1.435731233021178D+00  3.870045542682241D-01
  3.536362419551910D-01  0.000000000000000D+00  0.000000000000000D+00
  3.500070547245923D-01  3.724911011106909D-01  5.272134650000001D-01
  1.620744997958419D+00  2.434060229676978D+00  1.433120372398210D+00
  5.272134650000001D-01  3.597016148113567D-01  0.000000000000000D+00
  0.000000000000000D+00  3.841890943295179D-01  4.115323113406120D-01
  6.270552854988505D-01  1.621157494741690D+00  2.456182954268280D+00
  1.430281704221466D+00  5.314157218743776D-01  3.624147249678707D-01
  0.000000000000000D+00  0.000000000000000D+00  4.284418301296292D-01
  4.576172531436052D-01  6.778619308736121D-01  1.621577954776852D+00
  2.478846578143207D+00  1.427780589914855D+00  5.314669555714483D-01
  3.629538497153071D-01  0.000000000000000D+00  0.000000000000000D+00
  0.000000000000000D+00  0.000000000000000D+00  0.000000000000000D+00
  0.000000000000000D+00  0.000000000000000D+00  0.000000000000000D+00
  0.000000000000000D+00  0.000000000000000D+00  0.000000000000000D+00
  0.000000000000000D+00  0.000000000000000D+00  0.000000000000000D+00
  0.000000000000000D+00  0.000000000000000D+00  0.000000000000000D+00
  0.000000000000000D+00  0.000000000000000D+00  0.000000000000000D+00
  0.000000000000000D+00  0.000000000000000D+00  3.396893363663316D-01
  3.870045542682241D-01  1.620397419309548D+00  2.415584636029402D+00
  1.435731233021178D+00  6.617852159021373D-01  3.536362419551910D-01
  3.500000000000001D-01  0.000000000000000D+00  0.000000000000000D+00
  3.724911011106909D-01  5.272134650000001D-01  1.620744997958419D+00
  2.434060229676978D+00  1.433120372398210D+00  5.272134650000001D-01
  3.597016148113567D-01  3.499999999999999D-01  0.000000000000000D+00
  0.000000000000000D+00  4.115323113406120D-01  6.270552854988505D-01
  1.621157494741690D+00  2.456182954268280D+00  1.430281704221466D+00
  5.314157218743776D-01  3.624147249678707D-01  3.499999999999998D-01
  0.000000000000000D+00  0.000000000000000D+00  4.576172531436052D-01
  6.778619308736121D-01  1.621577954776852D+00  2.478846578143207D+00
  1.427780589914855D+00  5.314669555714483D-01  3.629538497153071D-01
  3.499999999999999D-01  0.000000000000000D+00  0.000000000000000D+00
  0.000000000000000D+00  0.000000000000000D+00  0.000000000000000D+00
  0.000000000000000D+00  0.000000000000000D+00  0.000000000000000D+00
  0.000000000000000D+00  0.000000000000000D+00  0.000000000000000D+00
  0.000000000000000D+00  0.000000000000000D+00  0.000000000000000D+00
  0.000000000000000D+00  0.000000000000000D+00  0.000000000000000D+00
  0.000000000000000D+00  0.000000000000000D+00  0.000000000000000D+00
  0.000000000000000D+00  0.000000000000000D+00  3.500070547245923D-01
  3.724911011106909D-01  5.272134650000001D-01  1.620744997958419D+00
  2.434060229676978D+00  1.433120372398210D+00  5.272134650000001D-01
  3.597016148113567D-01  0.000000000000000D+00  0.000000000000000D+00
  3.841890943295179D-01  4.115323113406120D-01  6.270552854988505D-01
  1.621157494741690D+00  2.456182954268280D+00  1.430281704221466D+00
  5.314157218743776D-01  3.624147249678707D-01  0.000000000000000D+00
  0.000000000000000D+00  4.284418301296292D-01  4.576172531436052D-01
  6.778619308736121D-01  1.621577954776852D+00  2.478846578143207D+00
  1.427780589914855D+00  5.314669555714483D-01  3.629538497153071D-01
  0.000000000000000D+00  0.000000000000000D+00  4.863704089764723D-01
  5.161283025489976D-01  7.261082558118799D-01  1.622006192976690D+00
  2.501925785228996D+00  1.425503162885061D+00  5.301570128147218D-01
  3.630191815346963D-01  0.000000000000000D+00  0.000000000000000D+00
  0.000000000000000D+00  0.000000000000000D+00  0.000000000000000D+00
  0.000000000000000D+00  0.000000000000000D+00  0.000000000000000D+00
  0.000000000000000D+00  0.000000000000000D+00  0.000000000000000D+00
  0.000000000000000D+00  0.000000000000000D+00  0.000000000000000D+00
  0.000000000000000D+00  0.000000000000000D+00  0.000000000000000D+00
  0.000000000000000D+00  0.000000000000000D+00  0.000000000000000D+00
  0.000000000000000D+00  0.000000000000000D+00  3.724911011106909D-01
  5.272134650000001D-01  1.620744997958419D+00  2.434060229676978D+00
  1.433120372398210D+00  5.272134650000001D-01  3.597016148113567D-01
  3.499999999999999D-01  0.000000000000000D+00  0.000000000000000D+00
  4.115323113406120D-01  6.270552854988505D-01  1.621157494741690D+00
  2.456182954268280D+00  1.430281704221466D+00  5.314157218743776D-01
  3.624147249678707D-01  3.499999999999998D-01  0.000000000000000D+00
  0.000000000000000D+00  4.576172531436052D-01  6.778619308736121D-01
  1.621577954776852D+00  2.478846578143207D+00  1.427780589914855D+00
  5.314669555714483D-01  3.629538497153071D-01  3.499999999999999D-01
  0.000000000000000D+00  0.000000000000000D+00  5.161283025489976D-01
  7.261082558118799D-01  1.622006192976690D+00  2.501925785228996D+00
  1.425503162885061D+00  5.301570128147218D-01  3.630191815346963D-01
  3.500000000000005D-01  0.000000000000000D+00  0.000000000000000D+00
  0.000000000000000D+00  0.000000000000000D+00  0.000000000000000D+00
  0.000000000000000D+00  0.000000000000000D+00  0.000000000000000D+00
  0.000000000000000D+00  0.000000000000000D+00  0.000000000000000D+00

  0.000000000000000D+00  0.000000000000000D+00  0.000000000000000D+00
  0.000000000000000D+00  0.000000000000000D+00  0.000000000000000D+00
  0.000000000000000D+00  0.000000000000000D+00  0.000000000000000D+00
  0.000000000000000D+00  0.000000000000000D+00  5.798432089575846D-02
  5.798207641319463D-02  5.797894590742080D-02  5.798485320771891D-02
  5.797763945148288D-02  5.797173215118476D-02  5.798162211725856D-02
  5.798364371877408D-02  0.000000000000000D+00  0.000000000000000D+00
  6.590555470818617D-02  6.590275527465224D-02  6.589919598084416D-02
  6.590713770507715D-02  6.589760988930279D-02  6.589574475919777D-02
  6.590957782280908D-02  6.590630906498848D-02  0.000000000000000D+00
  0.000000000000000D+00  7.443249054527794D-02  7.443169298922211D-02
  7.442821643381956D-02  7.443353096706080D-02  7.442498094717309D-02
  7.443287415093641D-02  7.444741470314338D-02  7.443575598341522D-02
  0.000000000000000D+00  0.000000000000000D+00  8.295735995224392D-02
  8.295742944599338D-02  8.295467432208381D-02  8.295807710689231D-02
  8.294918373206840D-02  8.295646744219440D-02  8.297231247292750D-02
  8.296575067129464D-02  0.000000000000000D+00  0.000000000000000D+00
  0.000000000000000D+00  0.000000000000000D+00  0.000000000000000D+00
  0.000000000000000D+00  0.000000000000000D+00  0.000000000000000D+00
  0.000000000000000D+00  0.000000000000000D+00  0.000000000000000D+00
  0.000000000000000D+00  0.000000000000000D+00  0.000000000000000D+00
  0.000000000000000D+00  0.000000000000000D+00  0.000000000000000D+00
  0.000000000000000D+00  0.000000000000000D+00  0.000000000000000D+00
  0.000000000000000D+00  0.000000000000000D+00  5.432615889179289D-02
  5.432799131875655D-02  5.432788370013750D-02  5.432008608681837D-02
  5.433430734846272D-02  5.430930923729756D-02  5.432489541541945D-02
  5.432725837402879D-02  0.000000000000000D+00  0.000000000000000D+00
  6.164047182375850D-02  6.164266154872588D-02  6.163275736987665D-02
  6.163505647285069D-02  6.164996292274388D-02  6.161697829742734D-02
  6.163275736987665D-02  6.164157730970934D-02  0.000000000000000D+00
  0.000000000000000D+00  7.017010093739336D-02  7.016898452286693D-02
  7.016661765713948D-02  7.016235242350982D-02  7.018117900120426D-02
  7.014231933583571D-02  7.019092403365138D-02  7.017305257799895D-02
  0.000000000000000D+00  0.000000000000000D+00  7.869396356940056D-02
  7.869691315145090D-02  7.869425662543120D-02  7.868963902919771D-02
  7.870095341433143D-02  7.867547203732095D-02  7.872278119693760D-02
  7.870290100398560D-02  0.000000000000000D+00  0.000000000000000D+00
  0.000000000000000D+00  0.000000000000000D+00  0.000000000000000D+00
  0.000000000000000D+00  0.000000000000000D+00  0.000000000000000D+00
  0.000000000000000D+00  0.000000000000000D+00  0.000000000000000D+00
  0.000000000000000D+00  0.000000000000000D+00  0.000000000000000D+00
  0.000000000000000D+00  0.000000000000000D+00  0.000000000000000D+00
  0.000000000000000D+00  0.000000000000000D+00  0.000000000000000D+00
  0.000000000000000D+00  0.000000000000000D+00  5.432799131875655D-02
  5.432489541541945D-02  5.432008608681837D-02  5.433430734846272D-02
  5.430930923729756D-02  5.432788370013750D-02  5.432725837402879D-02
  5.432427373365011D-02  0.000000000000000D+00  0.000000000000000D+00
  6.164266154872588D-02  6.163275736987665D-02  6.163505647285069D-02
  6.164996292274388D-02  6.161697829742734D-02  6.163275736987665D-02
  6.164157730970934D-02  6.164146545770810D-02  0.000000000000000D+00
  0.000000000000000D+00  7.016898452286693D-02  7.016661765713948D-02
  7.016235242350982D-02  7.018117900120426D-02  7.014231933583571D-02
  7.019092403365138D-02  7.017305257799895D-02  7.016914091453752D-02
  0.000000000000000D+00  0.000000000000000D+00  7.869691315145090D-02
  7.869425662543120D-02  7.868963902919771D-02  7.870095341433143D-02
  7.867547203732095D-02  7.872278119693760D-02  7.870290100398560D-02
  7.869792943713882D-02  0.000000000000000D+00  0.000000000000000D+00
  0.000000000000000D+00  0.000000000000000D+00  0.000000000000000D+00
  0.000000000000000D+00  0.000000000000000D+00  0.000000000000000D+00
  0.000000000000000D+00  0.000000000000000D+00  0.000000000000000D+00
  0.000000000000000D+00  0.000000000000000D+00  0.000000000000000D+00
  0.000000000000000D+00  0.000000000000000D+00  0.000000000000000D+00
  0.000000000000000D+00  0.000000000000000D+00  0.000000000000000D+00
  0.000000000000000D+00  0.000000000000000D+00  6.164047182375850D-02
  6.164266154872588D-02  6.163275736987665D-02  6.163505647285069D-02
  6.164996292274388D-02  6.161697829742734D-02  6.163275736987665D-02
  6.164157730970934D-02  0.000000000000000D+00  0.000000000000000D+00
  7.017010093739336D-02  7.016898452286693D-02  7.016661765713948D-02
  7.016235242350982D-02  7.018117900120426D-02  7.014231933583571D-02
  7.019092403365138D-02  7.017305257799895D-02  0.000000000000000D+00
  0.000000000000000D+00  7.869396356940056D-02  7.869691315145090D-02
  7.869425662543120D-02  7.868963902919771D-02  7.870095341433143D-02
  7.867547203732095D-02  7.872278119693760D-02  7.870290100398560D-02
  0.000000000000000D+00  0.000000000000000D+00  8.721776343781283D-02
  8.722079965031138D-02  8.721774835678005D-02  8.721705327692632D-02
  8.722466270711376D-02  8.719564676950747D-02  8.723196976501155D-02
  8.723159792577526D-02  0.000000000000000D+00  0.000000000000000D+00
  0.000000000000000D+00  0.000000000000000D+00  0.000000000000000D+00
  0.000000000000000D+00  0.000000000000000D+00  0.000000000000000D+00
  0.000000000000000D+00  0.000000000000000D+00  0.000000000000000D+00
  0.000000000000000D+00  0.000000000000000D+00  0.000000000000000D+00
  0.000000000000000D+00  0.000000000000000D+00  0.000000000000000D+00
  0.000000000000000D+00  0.000000000000000D+00  0.000000000000000D+00
  0.000000000000000D+00  0.000000000000000D+00  6.164266154872588D-02
  6.163275736987665D-02  6.163505647285069D-02  6.164996292274388D-02
  6.161697829742734D-02  6.163275736987665D-02  6.164157730970934D-02
  6.164146545770810D-02  0.000000000000000D+00  0.000000000000000D+00
  7.016898452286693D-02  7.016661765713948D-02  7.016235242350982D-02
  7.018117900120426D-02  7.014231933583571D-02  7.019092403365138D-02
  7.017305257799895D-02  7.016914091453752D-02  0.000000000000000D+00
  0.000000000000000D+00  7.869691315145090D-02  7.869425662543120D-02
  7.868963902919771D-02  7.870095341433143D-02  7.867547203732095D-02
  7.872278119693760D-02  7.870290100398560D-02  7.869792943713882D-02
  0.000000000000000D+00  0.000000000000000D+00  8.722079965031138D-02
  8.721774835678005D-02  8.721705327692632D-02  8.722466270711376D-02
  8.719564676950747D-02  8.723196976501155D-02  8.723159792577526D-02
  8.723057431827889D-02  0.000000000000000D+00  0.000000000000000D+00
  0.000000000000000D+00  0.000000000000000D+00  0.000000000000000D+00
  0.000000000000000D+00  0.000000000000000D+00  0.000000000000000D+00
  0.000000000000000D+00  0.000000000000000D+00  0.000000000000000D+00

  0.000000000000000D+00  0.000000000000000D+00  0.000000000000000D+00
  0.000000000000000D+00  0.000000000000000D+00  0.000000000000000D+00
  0.000000000000000D+00  0.000000000000000D+00  0.000000000000000D+00
  0.000000000000000D+00  0.000000000000000D+00  1.597132294285312D-01
  9.313147251471583D-02 -8.954684084945388D-03  1.167439681745354D-01
  5.254123292411726D-02 -7.315741933536359D-02  4.875352462177773D-02
  6.235786480178469D-02  0.000000000000000D+00  0.000000000000000D+00
  1.482486106067995D-01  7.003791152675874D-02  9.847446400706339D-03
  1.111961934369439D-01  4.712677784563480D-02 -6.312596738757684D-02
  1.635050931230925D-02  5.113776147982199D-02  0.000000000000000D+00
  0.000000000000000D+00  1.347163814682639D-01  6.548206899758918D-02
  1.147878817332809D-02  1.049699847749860D-01  4.115656595005550D-02
 -7.324621500700379D-02  2.867022259080055D-03  4.540943475055466D-02
  0.000000000000000D+00  0.000000000000000D+00  1.203042432599047D-01
  6.070111586282950D-02  1.344320462129117D-02  9.897011808890338D-02
  3.547472988896572D-02 -7.603975337948354D-02 -1.807323176445648D-03
  4.248510248836444D-02  0.000000000000000D+00  0.000000000000000D+00
  0.000000000000000D+00  0.000000000000000D+00  0.000000000000000D+00
  0.000000000000000D+00  0.000000000000000D+00  0.000000000000000D+00
  0.000000000000000D+00  0.000000000000000D+00  0.000000000000000D+00
  0.000000000000000D+00  0.000000000000000D+00  0.000000000000000D+00
  0.000000000000000D+00  0.000000000000000D+00  0.000000000000000D+00
  0.000000000000000D+00  0.000000000000000D+00  0.000000000000000D+00
  0.000000000000000D+00  0.000000000000000D+00  1.737701460880977D-01
  1.557536526107858D-01 -7.305881426173881D-02  1.872006882756934D-02
  2.196034092402205D-01 -1.097582430535397D-01  7.195216080307512D-02
  6.950165388986228D-02  0.000000000000000D+00  0.000000000000000D+00
  1.645089797108759D-01  1.448201393043653D-01 -6.265936284967603D-08
  1.852007175375077D-02  2.101323228766012D-01 -1.098125573668130D-01
 -6.265936284967603D-08  5.356034645353640D-02  0.000000000000000D+00
  0.000000000000000D+00  1.508856209420851D-01  1.327797024698717D-01
  2.551866992160766D-03  1.831790951627667D-02  1.978144696011470D-01
 -1.096271237283960D-01 -3.306412579573553D-02  4.490587925079897D-02
  0.000000000000000D+00  0.000000000000000D+00  1.354834728870445D-01
  1.197167295740541D-01  6.879976954270135D-03  1.816539923060480D-02
  1.855821607519154D-01 -1.091432428244445D-01 -4.115036767943912D-02
  4.077670326069589D-02  0.000000000000000D+00  0.000000000000000D+00
  0.000000000000000D+00  0.000000000000000D+00  0.000000000000000D+00
  0.000000000000000D+00  0.000000000000000D+00  0.000000000000000D+00
  0.000000000000000D+00  0.000000000000000D+00  0.000000000000000D+00
  0.000000000000000D+00  0.000000000000000D+00  0.000000000000000D+00
  0.000000000000000D+00  0.000000000000000D+00  0.000000000000000D+00
  0.000000000000000D+00  0.000000000000000D+00  0.000000000000000D+00
  0.000000000000000D+00  0.000000000000000D+00  1.557536526107858D-01
  7.195216080307512D-02  1.872006882756934D-02  2.196034092402205D-01
 -1.097582430535397D-01 -7.305881426173881D-02  6.950165388986228D-02
  6.991051861753175D-02  0.000000000000000D+00  0.000000000000000D+00
  1.448201393043653D-01 -6.265936284967603D-08  1.852007175375077D-02
  2.101323228766012D-01 -1.098125573668130D-01 -6.265936284967603D-08
  5.356034645353640D-02  5.645894024620831D-02  0.000000000000000D+00
  0.000000000000000D+00  1.327797024698717D-01  2.551866992160766D-03
  1.831790951627667D-02  1.978144696011470D-01 -1.096271237283960D-01
 -3.306412579573553D-02  4.490587925079897D-02  4.962587996874430D-02
  0.000000000000000D+00  0.000000000000000D+00  1.197167295740541D-01
  6.879976954270135D-03  1.816539923060480D-02  1.855821607519154D-01
 -1.091432428244445D-01 -4.115036767943912D-02  4.077670326069589D-02
  4.632927652197950D-02  0.000000000000000D+00  0.000000000000000D+00
  0.000000000000000D+00  0.000000000000000D+00  0.000000000000000D+00
  0.000000000000000D+00  0.000000000000000D+00  0.000000000000000D+00
  0.000000000000000D+00  0.000000000000000D+00  0.000000000000000D+00
  0.000000000000000D+00  0.000000000000000D+00  0.000000000000000D+00
  0.000000000000000D+00  0.000000000000000D+00  0.000000000000000D+00
  0.000000000000000D+00  0.000000000000000D+00  0.000000000000000D+00
  0.000000000000000D+00  0.000000000000000D+00  1.645089797108759D-01
  1.448201393043653D-01 -6.265936284967603D-08  1.852007175375077D-02
  2.101323228766012D-01 -1.098125573668130D-01 -6.265936284967603D-08
  5.356034645353640D-02  0.000000000000000D+00  0.000000000000000D+00
  1.508856209420851D-01  1.327797024698717D-01  2.551866992160766D-03
  1.831790951627667D-02  1.978144696011470D-01 -1.096271237283960D-01
 -3.306412579573553D-02  4.490587925079897D-02  0.000000000000000D+00
  0.000000000000000D+00  1.354834728870445D-01  1.197167295740541D-01
  6.879976954270135D-03  1.816539923060480D-02  1.855821607519154D-01
 -1.091432428244445D-01 -4.115036767943912D-02  4.077670326069589D-02
  0.000000000000000D+00  0.000000000000000D+00  1.204584384478968D-01
  1.055583321306234D-01  1.064942479237030D-02  1.807801750791944D-02
  1.740548948651739D-01 -1.085948932367820D-01 -4.527050977726857D-02
  3.841488149022921D-02  0.000000000000000D+00  0.000000000000000D+00
  0.000000000000000D+00  0.000000000000000D+00  0.000000000000000D+00
  0.000000000000000D+00  0.000000000000000D+00  0.000000000000000D+00
  0.000000000000000D+00  0.000000000000000D+00  0.000000000000000D+00
  0.000000000000000D+00  0.000000000000000D+00  0.000000000000000D+00
  0.000000000000000D+00  0.000000000000000D+00  0.000000000000000D+00
  0.000000000000000D+00  0.000000000000000D+00  0.000000000000000D+00
  0.000000000000000D+00  0.000000000000000D+00  1.448201393043653D-01
 -6.265936284967603D-08  1.852007175375077D-02  2.101323228766012D-01
 -1.098125573668130D-01 -6.265936284967603D-08  5.356034645353640D-02
  5.645894024620831D-02  0.000000000000000D+00  0.000000000000000D+00
  1.327797024698717D-01  2.551866992160766D-03  1.831790951627667D-02
  1.978144696011470D-01 -1.096271237283960D-01 -3.306412579573553D-02
  4.490587925079897D-02  4.962587996874430D-02  0.000000000000000D+00
  0.000000000000000D+00  1.197167295740541D-01  6.879976954270135D-03
  1.816539923060480D-02  1.855821607519154D-01 -1.091432428244445D-01
 -4.115036767943912D-02  4.077670326069589D-02  4.632927652197950D-02
  0.000000000000000D+00  0.000000000000000D+00  1.055583321306234D-01
  1.064942479237030D-02  1.807801750791944D-02  1.740548948651739D-01
 -1.085948932367820D-01 -4.527050977726857D-02  3.841488149022921D-02
  4.441954868055317D-02  0.000000000000000D+00  0.000000000000000D+00
  0.000000000000000D+00  0.000000000000000D+00  0.000000000000000D+00
  0.000000000000000D+00  0.000000000000000D+00  0.000000000000000D+00
  0.000000000000000D+00  0.000000000000000D+00  0.000000000000000D+00

  0.000000000000000D+00  0.000000000000000D+00  0.000000000000000D+00
  0.000000000000000D+00  0.000000000000000D+00  0.000000000000000D+00
  0.000000000000000D+00  0.000000000000000D+00  0.000000000000000D+00
  0.000000000000000D+00  0.000000000000000D+00  8.799339668520245D-02
  3.549251707281213D-02  3.038647062744826D-01  2.678055244177813D-01
 -2.083039091162935D-01 -1.722447272595922D-01 -3.718428299346947D-02
 -6.722210555138747D-02  0.000000000000000D+00  0.000000000000000D+00
  1.030805767385261D-01  7.121250900403320D-02  3.205897387856235D-01
  2.635018803437561D-01 -2.086318249097191D-01 -1.944626330734317D-01
 -6.525423879632120D-02 -9.366558931591552D-02  0.000000000000000D+00
  0.000000000000000D+00  1.150449088079500D-01  1.122894261205043D-01
  3.525614914013462D-01  2.586854884780024D-01 -2.089771803875420D-01
 -2.190591401831755D-01 -1.036510704355122D-01 -1.161314409086229D-01
  0.000000000000000D+00  0.000000000000000D+00  1.246427733165073D-01
  1.377241201402112D-01  3.698087888362455D-01  2.539429868278264D-01
 -2.093908627143110D-01 -2.301018711788316D-01 -1.270439122301883D-01
 -1.355167968470817D-01  0.000000000000000D+00  0.000000000000000D+00
  0.000000000000000D+00  0.000000000000000D+00  0.000000000000000D+00
  0.000000000000000D+00  0.000000000000000D+00  0.000000000000000D+00
  0.000000000000000D+00  0.000000000000000D+00  0.000000000000000D+00
  0.000000000000000D+00  0.000000000000000D+00  0.000000000000000D+00
  0.000000000000000D+00  0.000000000000000D+00  0.000000000000000D+00
  0.000000000000000D+00  0.000000000000000D+00  0.000000000000000D+00
  0.000000000000000D+00  0.000000000000000D+00  8.813038804997202D-02
  7.212084809779579D-02  2.023168806581778D-02  5.991614454211002D-01
 -5.979353426575105D-02 -3.564846974341483D-01 -1.738858123131956D-02
 -5.172436834641710D-02  0.000000000000000D+00  0.000000000000000D+00
  1.044845559711680D-01  8.723779462187395D-02  6.802898331494873D-09
  5.960656848081141D-01 -6.421149829233812D-02 -3.527259064729364D-01
  6.802898331494873D-09 -7.962418919903953D-02  0.000000000000000D+00
  0.000000000000000D+00  1.175864322932504D-01  1.030135240678121D-01
  9.459871052354844D-02  5.916945530079332D-01 -6.954121814868466D-02
 -3.480486767249172D-01 -7.707595589877141D-02 -1.043168168903722D-01
  0.000000000000000D+00  0.000000000000000D+00  1.241600468887889D-01
  1.154196319819486D-01  1.361258379087079D-01  5.878268641651953D-01
 -7.523824511243427D-02 -3.430805815641320D-01 -1.080313465448813D-01
 -1.251801624080239D-01  0.000000000000000D+00  0.000000000000000D+00
  0.000000000000000D+00  0.000000000000000D+00  0.000000000000000D+00
  0.000000000000000D+00  0.000000000000000D+00  0.000000000000000D+00
  0.000000000000000D+00  0.000000000000000D+00  0.000000000000000D+00
  0.000000000000000D+00  0.000000000000000D+00  0.000000000000000D+00
  0.000000000000000D+00  0.000000000000000D+00  0.000000000000000D+00
  0.000000000000000D+00  0.000000000000000D+00  0.000000000000000D+00
  0.000000000000000D+00  0.000000000000000D+00  7.212084809779579D-02
 -1.738858123131956D-02  5.991614454211002D-01 -5.979353426575105D-02
 -3.564846974341483D-01  2.023168806581778D-02 -5.172436834641710D-02
 -5.422909916860266D-02  0.000000000000000D+00  0.000000000000000D+00
  8.723779462187395D-02  6.802898331494873D-09  5.960656848081141D-01
 -6.421149829233812D-02 -3.527259064729364D-01  6.802898331494873D-09
 -7.962418919903953D-02 -8.331076549149061D-02  0.000000000000000D+00
  0.000000000000000D+00  1.030135240678121D-01  9.459871052354844D-02
  5.916945530079332D-01 -6.954121814868466D-02 -3.480486767249172D-01
 -7.707595589877141D-02 -1.043168168903722D-01 -1.074105856827598D-01
  0.000000000000000D+00  0.000000000000000D+00  1.154196319819486D-01
  1.361258379087079D-01  5.878268641651953D-01 -7.523824511243427D-02
 -3.430805815641320D-01 -1.080313465448813D-01 -1.251801624080239D-01
 -1.276181986533358D-01  0.000000000000000D+00  0.000000000000000D+00
  0.000000000000000D+00  0.000000000000000D+00  0.000000000000000D+00
  0.000000000000000D+00  0.000000000000000D+00  0.000000000000000D+00
  0.000000000000000D+00  0.000000000000000D+00  0.000000000000000D+00
  0.000000000000000D+00  0.000000000000000D+00  0.000000000000000D+00
  0.000000000000000D+00  0.000000000000000D+00  0.000000000000000D+00
  0.000000000000000D+00  0.000000000000000D+00  0.000000000000000D+00
  0.000000000000000D+00  0.000000000000000D+00  1.044845559711680D-01
  8.723779462187395D-02  6.802898331494873D-09  5.960656848081141D-01
 -6.421149829233812D-02 -3.527259064729364D-01  6.802898331494873D-09
 -7.962418919903953D-02  0.000000000000000D+00  0.000000000000000D+00
  1.175864322932504D-01  1.030135240678121D-01  9.459871052354844D-02
  5.916945530079332D-01 -6.954121814868466D-02 -3.480486767249172D-01
 -7.707595589877141D-02 -1.043168168903722D-01  0.000000000000000D+00
  0.000000000000000D+00  1.241600468887889D-01  1.154196319819486D-01
  1.361258379087079D-01  5.878268641651953D-01 -7.523824511243427D-02
 -3.430805815641320D-01 -1.080313465448813D-01 -1.251801624080239D-01
  0.000000000000000D+00  0.000000000000000D+00  1.304345306426941D-01
  1.285568837525975D-01  1.707941269175908D-01  5.844883263534881D-01
 -8.130499809494360D-02 -3.379396260857342D-01 -1.313559305205787D-01
 -1.436082094472697D-01  0.000000000000000D+00  0.000000000000000D+00
  0.000000000000000D+00  0.000000000000000D+00  0.000000000000000D+00
  0.000000000000000D+00  0.000000000000000D+00  0.000000000000000D+00
  0.000000000000000D+00  0.000000000000000D+00  0.000000000000000D+00
  0.000000000000000D+00  0.000000000000000D+00  0.000000000000000D+00
  0.000000000000000D+00  0.000000000000000D+00  0.000000000000000D+00
  0.000000000000000D+00  0.000000000000000D+00  0.000000000000000D+00
  0.000000000000000D+00  0.000000000000000D+00  8.723779462187395D-02
  6.802898331494873D-09  5.960656848081141D-01 -6.421149829233812D-02
 -3.527259064729364D-01  6.802898331494873D-09 -7.962418919903953D-02
 -8.331076549149061D-02  0.000000000000000D+00  0.000000000000000D+00
  1.030135240678121D-01  9.459871052354844D-02  5.916945530079332D-01
 -6.954121814868466D-02 -3.480486767249172D-01 -7.707595589877141D-02
 -1.043168168903722D-01 -1.074105856827598D-01  0.000000000000000D+00
  0.000000000000000D+00  1.154196319819486D-01  1.361258379087079D-01
  5.878268641651953D-01 -7.523824511243427D-02 -3.430805815641320D-01
 -1.080313465448813D-01 -1.251801624080239D-01 -1.276181986533358D-01
  0.000000000000000D+00  0.000000000000000D+00  1.285568837525975D-01
  1.707941269175908D-01  5.844883263534881D-01 -8.130499809494360D-02
 -3.379396260857342D-01 -1.313559305205787D-01 -1.436082094472697D-01
 -1.456606168796974D-01  0.000000000000000D+00  0.000000000000000D+00
  0.000000000000000D+00  0.000000000000000D+00  0.000000000000000D+00
  0.000000000000000D+00  0.000000000000000D+00  0.000000000000000D+00
  0.000000000000000D+00  0.000000000000000D+00  0.000000000000000D+00

  0.000000000000000D+00  0.000000000000000D+00  0.000000000000000D+00
  0.000000000000000D+00  0.000000000000000D+00  0.000000000000000D+00
  0.000000000000000D+00  0.000000000000000D+00  0.000000000000000D+00
  0.000000000000000D+00  0.000000000000000D+00  1.826082830179182D-01
  1.036826202192587D-01  3.179038991377621D-01  4.107823693212228D-01
  2.974364101504314D-01  2.045579399669706D-01  6.415554379708348D-02
  9.292890141648837D-02  0.000000000000000D+00  0.000000000000000D+00
  1.808246198667485D-01  1.079383575098911D-01  3.207411369056782D-01
  4.044343846211417D-01  2.909339986268986D-01  2.045496160588765D-01
  7.335061438509632D-02  1.071234583482304D-01  0.000000000000000D+00
  0.000000000000000D+00  1.773529550443527D-01  1.413203133255488D-01
  3.527545550255762D-01  3.975052968120348D-01  2.837160227543901D-01
  2.311000757444278D-01  1.111744385459948D-01  1.248284811610847D-01
  0.000000000000000D+00  0.000000000000000D+00  1.734885276366286D-01
  1.600152492419229D-01  3.700751778507219D-01  3.913093262288750D-01
  2.768360421186493D-01  2.423808985153419D-01  1.337132389081027D-01
  1.420905012805894D-01  0.000000000000000D+00  0.000000000000000D+00
  0.000000000000000D+00  0.000000000000000D+00  0.000000000000000D+00
  0.000000000000000D+00  0.000000000000000D+00  0.000000000000000D+00
  0.000000000000000D+00  0.000000000000000D+00  0.000000000000000D+00
  0.000000000000000D+00  0.000000000000000D+00  0.000000000000000D+00
  0.000000000000000D+00  0.000000000000000D+00  0.000000000000000D+00
  0.000000000000000D+00  0.000000000000000D+00  0.000000000000000D+00
  0.000000000000000D+00  0.000000000000000D+00  1.948410351268887D-01
  1.716409538307996D-01  7.580838702494470D-02  5.994538169500724D-01
  2.275981636347651D-01  3.729989429246632D-01  7.402348412139069D-02
  8.663654064112927D-02  0.000000000000000D+00  0.000000000000000D+00
  1.948851632167147D-01  1.690659798972698D-01  6.302757474658228D-08
  5.963533295484565D-01  2.197241671515974D-01  3.694243668906997D-01
  6.302757474658228D-08  9.596208739823918D-02  0.000000000000000D+00
  0.000000000000000D+00  1.912930727092169D-01  1.680542636437926D-01
  9.463312347092742D-02  5.919780315757539D-01  2.096820102087589D-01
  3.649054502565384D-01  8.386858406069329D-02  1.135717230538781D-01
  0.000000000000000D+00  0.000000000000000D+00  1.837702061514891D-01
  1.662942776729123D-01  1.362995885145627D-01  5.881074765410607D-01
  2.002536689225656D-01  3.600229616296976D-01  1.156033070307820D-01
  1.316541400386257D-01  0.000000000000000D+00  0.000000000000000D+00
  0.000000000000000D+00  0.000000000000000D+00  0.000000000000000D+00
  0.000000000000000D+00  0.000000000000000D+00  0.000000000000000D+00
  0.000000000000000D+00  0.000000000000000D+00  0.000000000000000D+00
  0.000000000000000D+00  0.000000000000000D+00  0.000000000000000D+00
  0.000000000000000D+00  0.000000000000000D+00  0.000000000000000D+00
  0.000000000000000D+00  0.000000000000000D+00  0.000000000000000D+00
  0.000000000000000D+00  0.000000000000000D+00  1.716409538307996D-01
  7.402348412139069D-02  5.994538169500724D-01  2.275981636347651D-01
  3.729989429246632D-01  7.580838702494470D-02  8.663654064112927D-02
  8.847754410024272D-02  0.000000000000000D+00  0.000000000000000D+00
  1.690659798972698D-01  6.302757474658228D-08  5.963533295484565D-01
  2.197241671515974D-01  3.694243668906997D-01  6.302757474658228D-08
  9.596208739823918D-02  1.006394335263423D-01  0.000000000000000D+00
  0.000000000000000D+00  1.680542636437926D-01  9.463312347092742D-02
  5.919780315757539D-01  2.096820102087589D-01  3.649054502565384D-01
  8.386858406069329D-02  1.135717230538781D-01  1.183205894144620D-01
  0.000000000000000D+00  0.000000000000000D+00  1.662942776729123D-01
  1.362995885145627D-01  5.881074765410607D-01  2.002536689225656D-01
  3.600229616296976D-01  1.156033070307820D-01  1.316541400386257D-01
  1.357674721373729D-01  0.000000000000000D+00  0.000000000000000D+00
  0.000000000000000D+00  0.000000000000000D+00  0.000000000000000D+00
  0.000000000000000D+00  0.000000000000000D+00  0.000000000000000D+00
  0.000000000000000D+00  0.000000000000000D+00  0.000000000000000D+00
  0.000000000000000D+00  0.000000000000000D+00  0.000000000000000D+00
  0.000000000000000D+00  0.000000000000000D+00  0.000000000000000D+00
  0.000000000000000D+00  0.000000000000000D+00  0.000000000000000D+00
  0.000000000000000D+00  0.000000000000000D+00  1.948851632167147D-01
  1.690659798972698D-01  6.302757474658228D-08  5.963533295484565D-01
  2.197241671515974D-01  3.694243668906997D-01  6.302757474658228D-08
  9.596208739823918D-02  0.000000000000000D+00  0.000000000000000D+00
  1.912930727092169D-01  1.680542636437926D-01  9.463312347092742D-02
  5.919780315757539D-01  2.096820102087589D-01  3.649054502565384D-01
  8.386858406069329D-02  1.135717230538781D-01  0.000000000000000D+00
  0.000000000000000D+00  1.837702061514891D-01  1.662942776729123D-01
  1.362995885145627D-01  5.881074765410607D-01  2.002536689225656D-01
  3.600229616296976D-01  1.156033070307820D-01  1.316541400386257D-01
  0.000000000000000D+00  0.000000000000000D+00  1.775483094182697D-01
  1.663413173038433D-01  1.711258134763732D-01  5.847678328708910D-01
  1.921083265809828D-01  3.549592113413511D-01  1.389381140595368D-01
  1.486573945034664D-01  0.000000000000000D+00  0.000000000000000D+00
  0.000000000000000D+00  0.000000000000000D+00  0.000000000000000D+00
  0.000000000000000D+00  0.000000000000000D+00  0.000000000000000D+00
  0.000000000000000D+00  0.000000000000000D+00  0.000000000000000D+00
  0.000000000000000D+00  0.000000000000000D+00  0.000000000000000D+00
  0.000000000000000D+00  0.000000000000000D+00  0.000000000000000D+00
  0.000000000000000D+00  0.000000000000000D+00  0.000000000000000D+00
  0.000000000000000D+00  0.000000000000000D+00  1.690659798972698D-01
  6.302757474658228D-08  5.963533295484565D-01  2.197241671515974D-01
  3.694243668906997D-01  6.302757474658228D-08  9.596208739823918D-02
  1.006394335263423D-01  0.000000000000000D+00  0.000000000000000D+00
  1.680542636437926D-01  9.463312347092742D-02  5.919780315757539D-01
  2.096820102087589D-01  3.649054502565384D-01  8.386858406069329D-02
  1.135717230538781D-01  1.183205894144620D-01  0.000000000000000D+00
  0.000000000000000D+00  1.662942776729123D-01  1.362995885145627D-01
  5.881074765410607D-01  2.002536689225656D-01  3.600229616296976D-01
  1.156033070307820D-01  1.316541400386257D-01  1.357674721373729D-01
  0.000000000000000D+00  0.000000000000000D+00  1.663413173038433D-01
  1.711258134763732D-01  5.847678328708910D-01  1.921083265809828D-01
  3.549592113413511D-01  1.389381140595368D-01  1.486573945034664D-01
  1.522829984428926D-01  0.000000000000000D+00  0.000000000000000D+00
  0.000000000000000D+00  0.000000000000000D+00  0.000000000000000D+00
  0.000000000000000D+00  0.000000000000000D+00  0.000000000000000D+00
  0.000000000000000D+00  0.000000000000000D+00  0.000000000000000D+00

  0.000000000000000D+00  0.000000000000000D+00  0.000000000000000D+00
  0.000000000000000D+00  0.000000000000000D+00  0.000000000000000D+00
  0.000000000000000D+00  0.000000000000000D+00  0.000000000000000D+00
  0.000000000000000D+00  0.000000000000000D+00 -3.144074626886462D+00
 -2.812050296363464D+00 -2.792381768445328D+00 -2.558593143392505D+00
 -1.757526651656884D+00 -1.991315276709707D+00 -2.454236245300415D+00
 -2.373341151966747D+00  0.000000000000000D+00  0.000000000000000D+00
 -3.217682064343405D+00 -2.904316510773037D+00 -2.900254102828923D+00
 -2.572710117200147D+00 -1.750760647948335D+00 -1.941535232094048D+00
 -2.321981728976396D+00 -2.267372521837825D+00  0.000000000000000D+00
  0.000000000000000D+00 -3.287477711242561D+00 -3.049884391146561D+00
 -3.029978643482557D+00 -2.588062709597348D+00 -1.742798469049888D+00
 -1.853393560151769D+00 -2.197305762616706D+00 -2.188649972492947D+00
  0.000000000000000D+00  0.000000000000000D+00 -3.336159852781626D+00
 -3.144400971645964D+00 -3.118017255173569D+00 -2.603540428993961D+00
 -1.734013787966289D+00 -1.813983775120440D+00 -2.131087834140953D+00
 -2.129049758366779D+00  0.000000000000000D+00  0.000000000000000D+00
  0.000000000000000D+00  0.000000000000000D+00  0.000000000000000D+00
  0.000000000000000D+00  0.000000000000000D+00  0.000000000000000D+00
  0.000000000000000D+00  0.000000000000000D+00  0.000000000000000D+00
  0.000000000000000D+00  0.000000000000000D+00  0.000000000000000D+00
  0.000000000000000D+00  0.000000000000000D+00  0.000000000000000D+00
  0.000000000000000D+00  0.000000000000000D+00  0.000000000000000D+00
  0.000000000000000D+00  0.000000000000000D+00 -3.156780924222879D+00
 -3.063104751976041D+00 -2.431804607157070D+00 -3.103301328948932D+00
 -2.000941686444474D+00 -1.520086182956192D+00 -2.562000460611556D+00
 -2.438012782598008D+00  0.000000000000000D+00  0.000000000000000D+00
 -3.232288333332901D+00 -3.124124498014027D+00 -2.498971474852229D+00
 -3.135449662823083D+00 -1.994679895353532D+00 -1.514398841873339D+00
 -2.498971474852229D+00 -2.317960263139866D+00  0.000000000000000D+00
  0.000000000000000D+00 -3.312269022722969D+00 -3.202046403303720D+00
 -2.792123666922174D+00 -3.174471606718207D+00 -1.986239303905766D+00
 -1.507724550660704D+00 -2.245046060989923D+00 -2.225949116923567D+00
  0.000000000000000D+00  0.000000000000000D+00 -3.368267632453895D+00
 -3.267327786489660D+00 -2.938039707870689D+00 -3.215279592419159D+00
 -1.976260335346261D+00 -1.500969686286819D+00 -2.159833942669630D+00
 -2.158393929883705D+00  0.000000000000000D+00  0.000000000000000D+00
  0.000000000000000D+00  0.000000000000000D+00  0.000000000000000D+00
  0.000000000000000D+00  0.000000000000000D+00  0.000000000000000D+00
  0.000000000000000D+00  0.000000000000000D+00  0.000000000000000D+00
  0.000000000000000D+00  0.000000000000000D+00  0.000000000000000D+00
  0.000000000000000D+00  0.000000000000000D+00  0.000000000000000D+00
  0.000000000000000D+00  0.000000000000000D+00  0.000000000000000D+00
  0.000000000000000D+00  0.000000000000000D+00 -3.063104751976041D+00
 -2.562000460611556D+00 -3.103301328948932D+00 -2.000941686444474D+00
 -1.520086182956192D+00 -2.431804607157070D+00 -2.438012782598008D+00
 -2.429741818844236D+00  0.000000000000000D+00  0.000000000000000D+00
 -3.124124498014027D+00 -2.498971474852229D+00 -3.135449662823083D+00
 -1.994679895353532D+00 -1.514398841873339D+00 -2.498971474852229D+00
 -2.317960263139866D+00 -2.307649743284878D+00  0.000000000000000D+00
  0.000000000000000D+00 -3.202046403303720D+00 -2.792123666922174D+00
 -3.174471606718207D+00 -1.986239303905766D+00 -1.507724550660704D+00
 -2.245046060989923D+00 -2.225949116923567D+00 -2.217930964002989D+00
  0.000000000000000D+00  0.000000000000000D+00 -3.267327786489660D+00
 -2.938039707870689D+00 -3.215279592419159D+00 -1.976260335346261D+00
 -1.500969686286819D+00 -2.159833942669630D+00 -2.158393929883705D+00
 -2.152325879161528D+00  0.000000000000000D+00  0.000000000000000D+00
  0.000000000000000D+00  0.000000000000000D+00  0.000000000000000D+00
  0.000000000000000D+00  0.000000000000000D+00  0.000000000000000D+00
  0.000000000000000D+00  0.000000000000000D+00  0.000000000000000D+00
  0.000000000000000D+00  0.000000000000000D+00  0.000000000000000D+00
  0.000000000000000D+00  0.000000000000000D+00  0.000000000000000D+00
  0.000000000000000D+00  0.000000000000000D+00  0.000000000000000D+00
  0.000000000000000D+00  0.000000000000000D+00 -3.232288333332901D+00
 -3.124124498014027D+00 -2.498971474852229D+00 -3.135449662823083D+00
 -1.994679895353532D+00 -1.514398841873339D+00 -2.498971474852229D+00
 -2.317960263139866D+00  0.000000000000000D+00  0.000000000000000D+00
 -3.312269022722969D+00 -3.202046403303720D+00 -2.792123666922174D+00
 -3.174471606718207D+00 -1.986239303905766D+00 -1.507724550660704D+00
 -2.245046060989923D+00 -2.225949116923567D+00  0.000000000000000D+00
  0.000000000000000D+00 -3.368267632453895D+00 -3.267327786489660D+00
 -2.938039707870689D+00 -3.215279592419159D+00 -1.976260335346261D+00
 -1.500969686286819D+00 -2.159833942669630D+00 -2.158393929883705D+00
  0.000000000000000D+00  0.000000000000000D+00 -3.397590346847739D+00
 -3.311453645335208D+00 -3.060782746888297D+00 -3.257966973516127D+00
 -1.964654814694297D+00 -1.494170315537779D+00 -2.100961155987533D+00
 -2.105162308022944D+00  0.000000000000000D+00  0.000000000000000D+00
  0.000000000000000D+00  0.000000000000000D+00  0.000000000000000D+00
  0.000000000000000D+00  0.000000000000000D+00  0.000000000000000D+00
  0.000000000000000D+00  0.000000000000000D+00  0.000000000000000D+00
  0.000000000000000D+00  0.000000000000000D+00  0.000000000000000D+00
  0.000000000000000D+00  0.000000000000000D+00  0.000000000000000D+00
  0.000000000000000D+00  0.000000000000000D+00  0.000000000000000D+00
  0.000000000000000D+00  0.000000000000000D+00 -3.124124498014027D+00
 -2.498971474852229D+00 -3.135449662823083D+00 -1.994679895353532D+00
 -1.514398841873339D+00 -2.498971474852229D+00 -2.317960263139866D+00
 -2.307649743284878D+00  0.000000000000000D+00  0.000000000000000D+00
 -3.202046403303720D+00 -2.792123666922174D+00 -3.174471606718207D+00
 -1.986239303905766D+00 -1.507724550660704D+00 -2.245046060989923D+00
 -2.225949116923567D+00 -2.217930964002989D+00  0.000000000000000D+00
  0.000000000000000D+00 -3.267327786489660D+00 -2.938039707870689D+00
 -3.215279592419159D+00 -1.976260335346261D+00 -1.500969686286819D+00
 -2.159833942669630D+00 -2.158393929883705D+00 -2.152325879161528D+00
  0.000000000000000D+00  0.000000000000000D+00 -3.311453645335208D+00
 -3.060782746888297D+00 -3.257966973516127D+00 -1.964654814694297D+00
 -1.494170315537779D+00 -2.100961155987533D+00 -2.105162308022944D+00
 -2.100316916398939D+00  0.000000000000000D+00  0.000000000000000D+00
  0.000000000000000D+00  0.000000000000000D+00  0.000000000000000D+00
  0.000000000000000D+00  0.000000000000000D+00  0.000000000000000D+00
  0.000000000000000D+00  0.000000000000000D+00  0.000000000000000D+00

  0.000000000000000D+00  0.000000000000000D+00  0.000000000000000D+00
  0.000000000000000D+00  0.000000000000000D+00  0.000000000000000D+00
  0.000000000000000D+00  0.000000000000000D+00  0.000000000000000D+00
  0.000000000000000D+00  0.000000000000000D+00  3.149387992432274D+00
  2.814661695273225D+00  2.821070966822142D+00  2.593228988781216D+00
  1.786144182689859D+00  2.013986160730786D+00  2.455384631849002D+00
  2.375173214618266D+00  0.000000000000000D+00  0.000000000000000D+00
  3.222773896098922D+00  2.906961885019602D+00  2.928388181963247D+00
  2.606219012642506D+00  1.778520617742928D+00  1.963911077122671D+00
  2.323593469851707D+00  2.269929577739664D+00  0.000000000000000D+00
  0.000000000000000D+00  3.292268923331334D+00  3.053234196306901D+00
  3.058186295802848D+00  2.620368843722499D+00  1.769613567139967D+00
  1.876083795918786D+00  2.200196883745879D+00  2.192234603909930D+00
  0.000000000000000D+00  0.000000000000000D+00  3.340672280994030D+00
  3.148487025157082D+00  3.146353853293604D+00  2.634764544134114D+00
  1.759925699847288D+00  1.836943350402884D+00  2.135321415536067D+00
  2.133810989871626D+00  0.000000000000000D+00  0.000000000000000D+00
  0.000000000000000D+00  0.000000000000000D+00  0.000000000000000D+00
  0.000000000000000D+00  0.000000000000000D+00  0.000000000000000D+00
  0.000000000000000D+00  0.000000000000000D+00  0.000000000000000D+00
  0.000000000000000D+00  0.000000000000000D+00  0.000000000000000D+00
  0.000000000000000D+00  0.000000000000000D+00  0.000000000000000D+00
  0.000000000000000D+00  0.000000000000000D+00  0.000000000000000D+00
  0.000000000000000D+00  0.000000000000000D+00  3.162788142210410D+00
  3.067909930002860D+00  2.432985934799804D+00  3.160668286440736D+00
  2.013844223529013D+00  1.565180569467064D+00  2.563069612081438D+00
  2.439551642881442D+00  0.000000000000000D+00  0.000000000000000D+00
  3.238158133359455D+00  3.128695764156372D+00  2.498971474852230D+00
  3.191658171195799D+00  2.006745273959313D+00  1.558806663804047D+00
  2.498971474852230D+00  2.319945797580897D+00  0.000000000000000D+00
  0.000000000000000D+00  3.317788287181192D+00  3.206453399698668D+00
  2.793726901371139D+00  3.229196180433821D+00  1.997276424981091D+00
  1.551254108227259D+00  2.246612061607147D+00  2.228844545366553D+00
  0.000000000000000D+00  0.000000000000000D+00  3.373277090976300D+00
  3.271556915469174D+00  2.941199568688620D+00  3.268622532717813D+00
  1.986380236757269D+00  1.543543498594248D+00  2.162925515246489D+00
  2.162405412763327D+00  0.000000000000000D+00  0.000000000000000D+00
  0.000000000000000D+00  0.000000000000000D+00  0.000000000000000D+00
  0.000000000000000D+00  0.000000000000000D+00  0.000000000000000D+00
  0.000000000000000D+00  0.000000000000000D+00  0.000000000000000D+00
  0.000000000000000D+00  0.000000000000000D+00  0.000000000000000D+00
  0.000000000000000D+00  0.000000000000000D+00  0.000000000000000D+00
  0.000000000000000D+00  0.000000000000000D+00  0.000000000000000D+00
  0.000000000000000D+00  0.000000000000000D+00  3.067909930002860D+00
  2.563069612081438D+00  3.160668286440736D+00  2.013844223529013D+00
  1.565180569467064D+00  2.432985934799804D+00  2.439551642881442D+00
  2.431352212669013D+00  0.000000000000000D+00  0.000000000000000D+00
  3.128695764156372D+00  2.498971474852230D+00  3.191658171195799D+00
  2.006745273959313D+00  1.558806663804047D+00  2.498971474852230D+00
  2.319945797580897D+00  2.309843205341710D+00  0.000000000000000D+00
  0.000000000000000D+00  3.206453399698668D+00  2.793726901371139D+00
  3.229196180433821D+00  1.997276424981091D+00  1.551254108227259D+00
  2.246612061607147D+00  2.228844545366553D+00  2.221084762669497D+00
  0.000000000000000D+00  0.000000000000000D+00  3.271556915469174D+00
  2.941199568688620D+00  3.268622532717813D+00  1.986380236757269D+00
  1.543543498594248D+00  2.162925515246489D+00  2.162405412763327D+00
  2.156603694840343D+00  0.000000000000000D+00  0.000000000000000D+00
  0.000000000000000D+00  0.000000000000000D+00  0.000000000000000D+00
  0.000000000000000D+00  0.000000000000000D+00  0.000000000000000D+00
  0.000000000000000D+00  0.000000000000000D+00  0.000000000000000D+00
  0.000000000000000D+00  0.000000000000000D+00  0.000000000000000D+00
  0.000000000000000D+00  0.000000000000000D+00  0.000000000000000D+00
  0.000000000000000D+00  0.000000000000000D+00  0.000000000000000D+00
  0.000000000000000D+00  0.000000000000000D+00  3.238158133359455D+00
  3.128695764156372D+00  2.498971474852230D+00  3.191658171195799D+00
  2.006745273959313D+00  1.558806663804047D+00  2.498971474852230D+00
  2.319945797580897D+00  0.000000000000000D+00  0.000000000000000D+00
  3.317788287181192D+00  3.206453399698668D+00  2.793726901371139D+00
  3.229196180433821D+00  1.997276424981091D+00  1.551254108227259D+00
  2.246612061607147D+00  2.228844545366553D+00  0.000000000000000D+00
  0.000000000000000D+00  3.373277090976300D+00  3.271556915469174D+00
  2.941199568688620D+00  3.268622532717813D+00  1.986380236757269D+00
  1.543543498594248D+00  2.162925515246489D+00  2.162405412763327D+00
  0.000000000000000D+00  0.000000000000000D+00  3.402226266310080D+00
  3.315628851220566D+00  3.065562765249966D+00  3.310030546518016D+00
  1.974024860543359D+00  1.535754203494276D+00  2.105550184276522D+00
  2.110404549857929D+00  0.000000000000000D+00  0.000000000000000D+00
  0.000000000000000D+00  0.000000000000000D+00  0.000000000000000D+00
  0.000000000000000D+00  0.000000000000000D+00  0.000000000000000D+00
  0.000000000000000D+00  0.000000000000000D+00  0.000000000000000D+00
  0.000000000000000D+00  0.000000000000000D+00  0.000000000000000D+00
  0.000000000000000D+00  0.000000000000000D+00  0.000000000000000D+00
  0.000000000000000D+00  0.000000000000000D+00  0.000000000000000D+00
  0.000000000000000D+00  0.000000000000000D+00  3.128695764156372D+00
  2.498971474852230D+00  3.191658171195799D+00  2.006745273959313D+00
  1.558806663804047D+00  2.498971474852230D+00  2.319945797580897D+00
  2.309843205341710D+00  0.000000000000000D+00  0.000000000000000D+00
  3.206453399698668D+00  2.793726901371139D+00  3.229196180433821D+00
  1.997276424981091D+00  1.551254108227259D+00  2.246612061607147D+00
  2.228844545366553D+00  2.221084762669497D+00  0.000000000000000D+00
  0.000000000000000D+00  3.271556915469174D+00  2.941199568688620D+00
  3.268622532717813D+00  1.986380236757269D+00  1.543543498594248D+00
  2.162925515246489D+00  2.162405412763327D+00  2.156603694840343D+00
  0.000000000000000D+00  0.000000000000000D+00  3.315628851220566D+00
  3.065562765249966D+00  3.310030546518016D+00  1.974024860543359D+00
  1.535754203494276D+00  2.105550184276522D+00  2.110404549857929D+00
  2.105830302024906D+00  0.000000000000000D+00  0.000000000000000D+00
  0.000000000000000D+00  0.000000000000000D+00  0.000000000000000D+00
  0.000000000000000D+00  0.000000000000000D+00  0.000000000000000D+00
  0.000000000000000D+00  0.000000000000000D+00  0.000000000000000D+00
   EFITD   12/10/2013    #160299  2240                      
