  8.57971e-15  1.50074e-13  1.51826e-12  9.93555e-12  4.58972e-11  1.60312e-10
  4.46589e-10  1.03558e-09  2.06751e-09  3.65750e-09  5.84840e-09  8.59220e-09
  1.17701e-08  1.52156e-08  1.87467e-08  2.21899e-08  2.53942e-08  2.82352e-08
  3.06156e-08  3.24654e-08  3.37438e-08  3.44418e-08  3.45821e-08  3.42156e-08
  3.34143e-08  3.22618e-08  3.08449e-08  2.86670e-08  2.66696e-08  2.47573e-08
  2.29396e-08  2.12217e-08  1.95908e-08  1.80698e-08  1.66474e-08  1.53205e-08
  1.40857e-08  1.29390e-08  1.18761e-08  1.08926e-08  9.98413e-09  9.14613e-09
  8.37427e-09  7.66435e-09  7.01247e-09  6.41502e-09  5.86882e-09  5.37111e-09

  1.03886e-14  1.75120e-13  1.71526e-12  1.09243e-11  4.93699e-11  1.69495e-10
  4.65965e-10  1.06969e-09  2.11967e-09  3.73201e-09  5.94856e-09  8.71690e-09
  1.19171e-08  1.53811e-08  1.89263e-08  2.23792e-08  2.55892e-08  2.84325e-08
  3.08123e-08  3.26591e-08  3.39328e-08  3.46248e-08  3.47583e-08  3.43844e-08
  3.35753e-08  3.24151e-08  3.09905e-08  2.88050e-08  2.68002e-08  2.48807e-08
  2.30560e-08  2.13313e-08  1.96882e-08  1.81596e-08  1.67303e-08  1.53975e-08
  1.41578e-08  1.30069e-08  1.19407e-08  1.09545e-08  1.00437e-08  9.20374e-09
  8.43030e-09  7.71915e-09  7.06629e-09  6.46801e-09  5.92105e-09  5.42269e-09

  1.31130e-14  2.12229e-13  2.00320e-12  1.23534e-11  5.43439e-11  1.82547e-10
  4.93352e-10  1.11776e-09  2.19295e-09  3.83702e-09  6.08956e-09  8.89203e-09
  1.21235e-08  1.56124e-08  1.91770e-08  2.26430e-08  2.58604e-08  2.87062e-08
  3.10845e-08  3.29267e-08  3.41933e-08  3.48764e-08  3.49997e-08  3.46149e-08
  3.37943e-08  3.26224e-08  3.11859e-08  2.89887e-08  2.69723e-08  2.50415e-08
  2.32059e-08  2.14710e-08  1.98112e-08  1.82723e-08  1.68339e-08  1.54933e-08
  1.42471e-08  1.30908e-08  1.20202e-08  1.10303e-08  1.01166e-08  9.27427e-09
  8.49878e-09  7.78574e-09  7.13119e-09  6.53158e-09  5.98376e-09  5.48498e-09

  1.74058e-14  2.69512e-13  2.44040e-12  1.44945e-11  6.17139e-11  2.01711e-10
  5.33260e-10  1.18741e-09  2.29863e-09  3.98879e-09  6.29280e-09  9.14481e-09
  1.24213e-08  1.59453e-08  1.95377e-08  2.30215e-08  2.62491e-08  2.90979e-08
  3.14736e-08  3.33083e-08  3.45642e-08  3.52341e-08  3.53424e-08  3.49414e-08
  3.41040e-08  3.29149e-08  3.14611e-08  2.92467e-08  2.72134e-08  2.52662e-08
  2.34147e-08  2.16648e-08  1.99810e-08  1.84267e-08  1.69747e-08  1.56224e-08
  1.43660e-08  1.32014e-08  1.21237e-08  1.11280e-08  1.02094e-08  9.36300e-09
  8.58422e-09  7.86873e-09  7.21239e-09  6.61127e-09  6.06184e-09  5.56125e-09

  2.45830e-14  3.62783e-13  3.13735e-12  1.78504e-11  7.31078e-11  2.31009e-10
  5.93697e-10  1.29204e-09  2.45657e-09  4.21556e-09  6.59497e-09  9.52032e-09
  1.28627e-08  1.64394e-08  2.00730e-08  2.35815e-08  2.68238e-08  2.96763e-08
  3.20473e-08  3.38702e-08  3.51094e-08  3.57591e-08  3.58447e-08  3.54195e-08
  3.45571e-08  3.33425e-08  3.18634e-08  2.96238e-08  2.75659e-08  2.55946e-08
  2.37201e-08  2.19477e-08  2.02283e-08  1.86508e-08  1.71777e-08  1.58066e-08
  1.45337e-08  1.33549e-08  1.22652e-08  1.12596e-08  1.03329e-08  9.47998e-09
  8.69586e-09  7.97565e-09  7.31490e-09  6.70988e-09  6.15756e-09  5.65555e-09

  3.75124e-14  5.25264e-13  4.31955e-12  2.34238e-11  9.17108e-11  2.78194e-10
  6.89925e-10  1.45705e-09  2.70478e-09  4.57133e-09  7.06605e-09  1.01029e-08
  1.35441e-08  1.72022e-08  2.08979e-08  2.44437e-08  2.77082e-08  3.05661e-08
  3.29299e-08  3.47311e-08  3.59432e-08  3.65605e-08  3.66101e-08  3.61468e-08
  3.52453e-08  3.39910e-08  3.24726e-08  3.01946e-08  2.80993e-08  2.60919e-08
  2.41826e-08  2.23749e-08  2.06022e-08  1.89890e-08  1.74828e-08  1.60815e-08
  1.47816e-08  1.35790e-08  1.24687e-08  1.14456e-08  1.05041e-08  9.63868e-09
  8.84419e-09  8.11585e-09  7.44939e-09  6.84084e-09  6.28637e-09  5.78236e-09

  6.41230e-14  8.45699e-13  6.57101e-12  3.37408e-11  1.25350e-10  3.61885e-10
  8.57877e-10  1.74116e-09  3.13144e-09  5.17959e-09  7.86421e-09  1.10816e-08
  1.46801e-08  1.84662e-08  2.22562e-08  2.58620e-08  2.91585e-08  3.20233e-08
  3.43738e-08  3.61295e-08  3.72935e-08  3.78544e-08  3.78424e-08  3.73134e-08
  3.63462e-08  3.50246e-08  3.34411e-08  3.11001e-08  2.89440e-08  2.68784e-08
  2.49135e-08  2.30426e-08  2.11909e-08  1.95207e-08  1.79613e-08  1.65109e-08
  1.51665e-08  1.39239e-08  1.27784e-08  1.17247e-08  1.07572e-08  9.87033e-09
  9.05851e-09  8.31632e-09  7.63831e-09  7.01924e-09  6.45458e-09  5.94115e-09

  1.27001e-13  1.56219e-12  1.13825e-11  5.49938e-11  1.92597e-10  5.25151e-10
  1.17907e-09  2.27577e-09  3.93717e-09  6.31833e-09  9.34496e-09  1.28826e-08
  1.67565e-08  2.07620e-08  2.47095e-08  2.84152e-08  3.17593e-08  3.46284e-08
  3.69485e-08  3.86219e-08  3.96966e-08  4.01540e-08  4.00290e-08  3.93689e-08
  3.82781e-08  3.68275e-08  3.51213e-08  3.26626e-08  3.03938e-08  2.82212e-08
  2.61553e-08  2.41521e-08  2.21781e-08  2.04085e-08  1.87569e-08  1.72218e-08
  1.58001e-08  1.44879e-08  1.32802e-08  1.21716e-08  1.11565e-08  1.02285e-08
  9.38167e-09  8.60959e-09  7.90647e-09  7.26742e-09  6.68887e-09  6.16837e-09

  2.85639e-13  3.27481e-12  2.23582e-11  1.01543e-10  3.34763e-10  8.59961e-10
  1.82096e-09  3.32143e-09  5.51275e-09  8.51515e-09  1.21694e-08  1.62870e-08
  2.06542e-08  2.50467e-08  2.92679e-08  3.31436e-08  3.65625e-08  3.94290e-08
  4.16845e-08  4.32368e-08  4.41596e-08  4.44403e-08  4.41223e-08  4.32034e-08
  4.18862e-08  4.01923e-08  3.82565e-08  3.55763e-08  3.30950e-08  3.07197e-08
  2.84619e-08  2.61782e-08  2.39930e-08  2.20353e-08  2.02098e-08  1.85150e-08
  1.69478e-08  1.55040e-08  1.41784e-08  1.29652e-08  1.18581e-08  1.08505e-08
  9.93590e-09  9.10771e-09  8.35999e-09  7.68739e-09  7.08482e-09  6.54699e-09

  6.90757e-13  7.38136e-12  4.70531e-11  2.00060e-10  6.19325e-10  1.49840e-09
  2.99645e-09  5.17518e-09  8.25817e-09  1.22735e-08  1.69404e-08  2.19923e-08
  2.71602e-08  3.21915e-08  3.68805e-08  4.10643e-08  4.46445e-08  4.75492e-08
  4.97421e-08  5.11612e-08  5.18856e-08  5.19237e-08  5.13321e-08  5.00183e-08
  4.83529e-08  4.62758e-08  4.39691e-08  4.09237e-08  3.80846e-08  3.53624e-08
  3.27708e-08  2.99483e-08  2.73934e-08  2.50925e-08  2.29470e-08  2.09565e-08
  1.91182e-08  1.74276e-08  1.58789e-08  1.44657e-08  1.31808e-08  1.20169e-08
  1.09666e-08  1.00222e-08  9.17617e-09  8.42085e-09  7.74813e-09  7.15019e-09

  1.54413e-12  1.50839e-11  8.83838e-11  3.48677e-10  1.01215e-09  2.31817e-09
  4.42230e-09  7.32915e-09  1.13559e-08  1.64255e-08  2.21454e-08  2.81825e-08
  3.42211e-08  3.99837e-08  4.52551e-08  4.98787e-08  5.37636e-08  5.68550e-08
  5.91325e-08  6.05690e-08  6.12317e-08  6.11519e-08  6.03982e-08  5.88610e-08
  5.69515e-08  5.45960e-08  5.19906e-08  4.86289e-08  4.54593e-08  4.23963e-08
  3.94571e-08  3.59154e-08  3.28972e-08  3.01415e-08  2.75538e-08  2.51382e-08
  2.28956e-08  2.08242e-08  1.89200e-08  1.71779e-08  1.55915e-08  1.41539e-08
  1.28576e-08  1.16947e-08  1.06571e-08  9.73615e-09  8.92377e-09  8.21335e-09

  4.85427e-13  3.95320e-13  3.23710e-13  2.65973e-13  2.18903e-13  1.80235e-13
  1.48263e-13  1.21742e-13  9.97055e-14  8.13860e-14  6.61767e-14  5.35806e-14
  4.31833e-14  3.46341e-14  2.76382e-14  2.19433e-14  1.73330e-14  1.36222e-14
  1.06528e-14  8.29057e-15  6.42216e-15  4.95262e-15  3.80309e-15  2.90856e-15
  2.21591e-15  1.68212e-15  1.27256e-15  9.59639e-16  7.21491e-16  5.40913e-16
  4.04460e-16  3.01683e-16  2.24503e-16  1.66710e-16  1.23546e-16  9.13876e-17
  6.74820e-17  4.97486e-17  3.66194e-17  2.69167e-17  1.97583e-17  1.44854e-17
  1.06071e-17  7.75855e-18  5.66905e-18  4.13820e-18  3.01794e-18  2.19904e-18

  5.16415e-13  4.14752e-13  3.35944e-13  2.73682e-13  2.23754e-13  1.83272e-13
  1.50150e-13  1.22900e-13  1.00405e-13  8.17979e-14  6.64123e-14  5.37087e-14
  4.32477e-14  3.46616e-14  2.76454e-14  2.19400e-14  1.73249e-14  1.36126e-14
  1.06434e-14  8.28208e-15  6.41492e-15  4.94667e-15  3.79832e-15  2.90480e-15
  2.21300e-15  1.67988e-15  1.27086e-15  9.58356e-16  7.20529e-16  5.40196e-16
  4.03929e-16  3.01291e-16  2.24215e-16  1.66499e-16  1.23391e-16  9.12727e-17
  6.73965e-17  4.96846e-17  3.65711e-17  2.68800e-17  1.97303e-17  1.44639e-17
  1.05906e-17  7.74573e-18  5.65909e-18  4.13045e-18  3.01190e-18  2.19433e-18

  5.60335e-13  4.41859e-13  3.52780e-13  2.84170e-13  2.30287e-13  1.87325e-13
  1.52648e-13  1.24423e-13  1.01319e-13  8.23319e-14  6.67143e-14  5.38695e-14
  4.33259e-14  3.46926e-14  2.76507e-14  2.19324e-14  1.73119e-14  1.35981e-14
  1.06295e-14  8.26988e-15  6.40466e-15  4.93831e-15  3.79167e-15  2.89960e-15
  2.20900e-15  1.67683e-15  1.26856e-15  9.56640e-16  7.19257e-16  5.39260e-16
  4.03245e-16  3.00792e-16  2.23853e-16  1.66235e-16  1.23198e-16  9.11311e-17
  6.72917e-17  4.96064e-17  3.65124e-17  2.68356e-17  1.96964e-17  1.44380e-17
  1.05706e-17  7.73041e-18  5.64728e-18  4.12132e-18  3.00480e-18  2.18878e-18

  6.24257e-13  4.80563e-13  3.76446e-13  2.98721e-13  2.39248e-13  1.92829e-13
  1.56011e-13  1.26455e-13  1.02527e-13  8.30329e-14  6.71062e-14  5.40751e-14
  4.34228e-14  3.47276e-14  2.76528e-14  2.19184e-14  1.72914e-14  1.35765e-14
  1.06094e-14  8.25234e-15  6.39003e-15  4.92647e-15  3.78229e-15  2.89231e-15
  2.20339e-15  1.67258e-15  1.26537e-15  9.54261e-16  7.17500e-16  5.37973e-16
  4.02306e-16  3.00112e-16  2.23361e-16  1.65879e-16  1.22940e-16  9.09435e-17
  6.71544e-17  4.95052e-17  3.64373e-17  2.67794e-17  1.96542e-17  1.44060e-17
  1.05463e-17  7.71174e-18  5.63286e-18  4.11015e-18  2.99618e-18  2.18215e-18

  7.20098e-13  5.37220e-13  4.10418e-13  3.19276e-13  2.51737e-13  2.00413e-13
  1.60594e-13  1.29198e-13  1.04141e-13  8.39591e-14  6.76165e-14  5.43382e-14
  4.35422e-14  3.47661e-14  2.76488e-14  2.18943e-14  1.72598e-14  1.35443e-14
  1.05799e-14  8.22697e-15  6.36903e-15  4.90956e-15  3.76895e-15  2.88194e-15
  2.19545e-15  1.66656e-15  1.26085e-15  9.50896e-16  7.15015e-16  5.36149e-16
  4.00977e-16  2.99148e-16  2.22665e-16  1.65378e-16  1.22580e-16  9.06836e-17
  6.69665e-17  4.93687e-17  3.63375e-17  2.67059e-17  1.95995e-17  1.43650e-17
  1.05154e-17  7.68836e-18  5.61518e-18  4.09677e-18  2.98597e-18  2.17427e-18

  8.67441e-13  6.21778e-13  4.59922e-13  3.48653e-13  2.69302e-13  2.10936e-13
  1.66877e-13  1.32915e-13  1.06301e-13  8.51821e-14  6.82782e-14  5.46705e-14
  4.36849e-14  3.48042e-14  2.76325e-14  2.18534e-14  1.72107e-14  1.34958e-14
  1.05363e-14  8.18989e-15  6.33855e-15  4.88513e-15  3.74975e-15  2.86708e-15
  2.18408e-15  1.65795e-15  1.25439e-15  9.46087e-16  7.11459e-16  5.33537e-16
  3.99070e-16  2.97764e-16  2.21664e-16  1.64657e-16  1.22063e-16  9.03130e-17
  6.67009e-17  4.91779e-17  3.61999e-17  2.66062e-17  1.95268e-17  1.43117e-17
  1.04760e-17  7.65900e-18  5.59300e-18  4.07977e-18  2.97283e-18  2.16410e-18

  1.10638e-12  7.53847e-13  5.34848e-13  3.91962e-13  2.94623e-13  2.25810e-13
  1.75600e-13  1.37984e-13  1.09194e-13  8.67828e-14  6.91185e-14  5.50716e-14
  4.38386e-14  3.48251e-14  2.75875e-14  2.17807e-14  1.71313e-14  1.34205e-14
  1.04698e-14  8.13442e-15  6.29342e-15  4.84923e-15  3.72168e-15  2.84544e-15
  2.16757e-15  1.64549e-15  1.24505e-15  9.39138e-16  7.06321e-16  5.29761e-16
  3.96309e-16  2.95755e-16  2.20210e-16  1.63610e-16  1.21310e-16  8.97747e-17
  6.63165e-17  4.89037e-17  3.60041e-17  2.64660e-17  1.94259e-17  1.42386e-17
  1.04224e-17  7.61940e-18  5.56354e-18  4.05787e-18  2.95663e-18  2.15217e-18

  1.50716e-12  9.64047e-13  6.49039e-13  4.55634e-13  3.30723e-13  2.46448e-13
  1.87395e-13  1.44659e-13  1.12888e-13  8.87463e-14  7.00865e-14  5.54796e-14
  4.39423e-14  3.47741e-14  2.74669e-14  2.16377e-14  1.69906e-14  1.32937e-14
  1.03614e-14  8.04572e-15  6.22225e-15  4.79320e-15  3.67821e-15  2.81226e-15
  2.14242e-15  1.62664e-15  1.23100e-15  9.28734e-16  6.98659e-16  5.24147e-16
  3.92216e-16  2.92783e-16  2.18061e-16  1.62062e-16  1.20200e-16  8.89809e-17
  6.57508e-17  4.85015e-17  3.57185e-17  2.62632e-17  1.92818e-17  1.41358e-17
  1.03490e-17  7.56668e-18  5.52556e-18  4.03028e-18  2.93625e-18  2.13675e-18

  2.15684e-12  1.28766e-12  8.17223e-13  5.45754e-13  3.79913e-13  2.73514e-13
  2.02243e-13  1.52669e-13  1.17055e-13  9.07630e-14  7.09188e-14  5.56811e-14
  4.38280e-14  3.45213e-14  2.71715e-14  2.13494e-14  1.67323e-14  1.30736e-14
  1.01799e-14  7.89977e-15  6.10685e-15  4.70321e-15  3.60882e-15  2.75986e-15
  2.10290e-15  1.59716e-15  1.20911e-15  9.12560e-16  6.86773e-16  5.15453e-16
  3.85883e-16  2.88190e-16  2.14743e-16  1.59673e-16  1.18487e-16  8.77566e-17
  6.48789e-17  4.78825e-17  3.52803e-17  2.59536e-17  1.90632e-17  1.39813e-17
  1.02395e-17  7.48859e-18  5.46927e-18  3.98908e-18  2.90563e-18  2.11373e-18

  3.43706e-12  1.89085e-12  1.11290e-12  6.95061e-13  4.56783e-13  3.13474e-13
  2.22962e-13  1.63196e-13  1.22152e-13  9.29733e-14  7.16187e-14  5.56245e-14
  4.34261e-14  3.39951e-14  2.66354e-14  2.08578e-14  1.63072e-14  1.27193e-14
  9.89226e-15  7.67021e-15  5.92642e-15  4.56303e-15  3.50094e-15  2.67863e-15
  2.04170e-15  1.55155e-15  1.17527e-15  8.87578e-16  6.68425e-16  5.02040e-16
  3.76119e-16  2.81106e-16  2.09623e-16  1.55985e-16  1.15839e-16  8.58613e-17
  6.35265e-17  4.69204e-17  3.45978e-17  2.54706e-17  1.87222e-17  1.37408e-17
  1.00698e-17  7.36863e-18  5.38419e-18  3.92856e-18  2.86253e-18  2.08310e-18

  6.17606e-12  3.04358e-12  1.61878e-12  9.26160e-13  5.66110e-13  3.66604e-13
  2.49165e-13  1.76084e-13  1.28362e-13  9.57634e-14  7.26464e-14  5.57629e-14
  4.31414e-14  3.35362e-14  2.61330e-14  2.03773e-14  1.58784e-14  1.23525e-14
  9.58708e-15  7.42089e-15  5.72616e-15  4.40415e-15  3.37618e-15  2.58180e-15
  1.96708e-15  1.49452e-15  1.13198e-15  8.54923e-16  6.43952e-16  4.83807e-16
  3.62611e-16  2.71141e-16  2.02313e-16  1.50649e-16  1.11962e-16  8.30566e-17
  6.15062e-17  4.54713e-17  3.35626e-17  2.47341e-17  1.82001e-17  1.33720e-17
  9.81005e-18  7.18616e-18  5.25622e-18  3.83886e-18  2.79956e-18  2.03864e-18

  4.58252e-01  1.58372e-01  6.20699e-02  2.68751e-02  1.26079e-02  6.31550e-03
  3.34271e-03  1.85383e-03  1.12312e-03  7.16641e-04  4.70427e-04  3.16343e-04
  2.17019e-04  1.51338e-04  1.06953e-04  7.64120e-05  5.50858e-05  4.00184e-05
  2.92726e-05  2.15492e-05  1.59602e-05  1.18896e-05  8.90601e-06  6.70517e-06
  5.07138e-06  3.85105e-06  2.93422e-06  2.27856e-06  1.76206e-06  1.36091e-06
  1.04977e-06  7.73122e-07  5.81395e-07  4.37113e-07  3.27585e-07  2.44782e-07
  1.82417e-07  1.35602e-07  1.00568e-07  7.44250e-08  5.49667e-08  4.05196e-08
  2.98177e-08  2.19075e-08  1.60726e-08  1.17770e-08  8.62047e-09  6.30539e-09

  4.02569e+00  1.42355e+00  5.69912e-01  2.51333e-01  1.19687e-01  6.06598e-02
  3.23922e-02  1.80830e-02  1.10088e-02  7.04252e-03  4.62939e-03  3.11659e-03
  2.13984e-03  1.49321e-03  1.05583e-03  7.54659e-04  5.44233e-04  3.95491e-04
  2.89367e-04  2.13067e-04  1.57835e-04  1.17598e-04  8.80995e-05  6.63357e-05
  5.01767e-05  3.81053e-05  2.90349e-05  2.25457e-05  1.74345e-05  1.34650e-05
  1.03864e-05  7.64777e-06  5.75341e-06  4.32592e-06  3.24206e-06  2.42247e-06
  1.80505e-06  1.34150e-06  9.94584e-07  7.35714e-07  5.43074e-07  4.00083e-07
  2.94196e-07  2.15961e-07  1.58283e-07  1.15850e-07  8.46962e-08  6.18679e-08

  3.45995e+01  1.25098e+01  5.12133e+00  2.30551e+00  1.11753e+00  5.74641e-01
  3.10333e-01  1.74732e-01  1.07065e-01  6.87205e-02  4.52604e-02  3.05191e-02
  2.09787e-02  1.46539e-02  1.03696e-02  7.41647e-03  5.35139e-03  3.89063e-03
  2.84777e-03  2.09759e-03  1.55431e-03  1.15837e-03  8.68002e-04  6.53707e-04
  4.94561e-04  3.75646e-04  2.86279e-04  2.22307e-04  1.71927e-04  1.32800e-04
  1.02452e-04  7.54305e-05  5.67811e-05  4.27007e-05  3.20054e-05  2.39146e-05
  1.78174e-05  1.32387e-05  9.81159e-06  7.25428e-06  5.35145e-06  3.93942e-06
  2.89428e-06  2.12257e-06  1.55403e-06  1.13602e-06  8.29323e-07  6.04758e-07

  2.90335e+02  1.07089e+02  4.48214e+01  2.06284e+01  1.02042e+01  5.33979e+00
  2.92510e+00  1.66543e+00  1.02935e+00  6.63588e-01  4.38242e-01  2.96154e-01
  2.03910e-01  1.42647e-01  1.01053e-01  7.23462e-02  5.22439e-02  3.80097e-02
  2.78384e-02  2.05160e-02  1.52093e-02  1.13396e-02  8.50018e-03  6.40372e-03
  4.84618e-03  3.68200e-03  2.80683e-03  2.17988e-03  1.68620e-03  1.30278e-03
  1.00533e-03  7.40124e-04  5.57658e-04  4.19521e-04  3.14530e-04  2.35059e-04
  1.75136e-04  1.30115e-04  9.64060e-05  7.12479e-05  5.25289e-05  3.86404e-05
  2.83629e-05  2.07764e-05  1.51901e-05  1.10869e-05  8.08047e-06  5.88280e-06

  2.37061e+03  8.88822e+02  3.79687e+02  1.78706e+02  9.03968e+01  4.82872e+01
  2.69239e+01  1.55533e+01  9.72510e+00  6.30598e+00  4.18120e+00  2.83433e+00
  1.95627e+00  1.37139e+00  9.73060e-01  6.97723e-01  5.04458e-01  3.67411e-01
  2.69342e-01  1.98662e-01  1.47383e-01  1.09954e-01  8.24685e-02  6.21597e-02
  4.70625e-02  3.57722e-02  2.72809e-02  2.11909e-02  1.63963e-02  1.26721e-02
  9.78255e-03  7.20133e-03  5.43355e-03  4.09011e-03  3.06825e-03  2.29411e-03
  1.70988e-03  1.27058e-03  9.41408e-04  6.95583e-04  5.12587e-04  3.76781e-04
  2.76298e-04  2.02170e-04  1.47635e-04  1.07611e-04  7.82995e-05  5.68768e-05

  1.87065e+04  7.09943e+03  3.08579e+03  1.48349e+03  7.68034e+02  4.19879e+02
  2.39181e+02  1.40761e+02  8.93609e+01  5.83995e+01  3.89540e+01  2.65302e+01
  1.83808e+01  1.29246e+01  9.19321e+00  6.60747e+00  4.78600e+00  3.49146e+00
  2.56312e+00  1.89326e+00  1.40621e+00  1.05018e+00  7.88387e-01  5.94715e-01
  4.50601e-01  3.42737e-01  2.61548e-01  2.03215e-01  1.57297e-01  1.21625e-01
  9.39404e-02  6.91492e-02  5.22802e-02  3.93920e-02  2.95792e-02  2.21368e-02
  1.65132e-02  1.22791e-02  9.10234e-03  6.72715e-03  4.95730e-03  3.64290e-03
  2.66987e-03  1.95165e-03  1.42299e-03  1.03492e-03  7.50953e-04  5.43878e-04

  1.39485e+05  5.34008e+04  2.35410e+04  1.15372e+04  6.11396e+03  3.42870e+03
  2.00363e+03  1.20760e+03  7.81609e+02  5.16479e+02  3.47745e+02  2.38658e+02
  1.66403e+02  1.17610e+02  8.40175e+01  6.06120e+01  4.40397e+01  3.22136e+01
  2.37024e+01  1.75576e+01  1.30680e+01  9.77720e+00  7.35181e+00  5.55393e+00
  4.21348e+00  3.20888e+00  2.45147e+00  1.90564e+00  1.47604e+00  1.14214e+00
  8.82859e-01  6.50111e-01  4.92854e-01  3.71914e-01  2.79707e-01  2.09664e-01
  1.56645e-01  1.16650e-01  8.65820e-02  6.40542e-02  4.72333e-02  3.47165e-02
  2.54344e-02  1.85753e-02  1.35258e-02  9.82305e-03  7.11815e-03  5.14835e-03

  9.57991e+05  3.69004e+05  1.64393e+05  8.18335e+04  4.42781e+04  2.54599e+04
  1.52930e+04  9.47941e+03  6.26593e+03  4.20327e+03  2.86944e+03  1.99280e+03
  1.40370e+03  1.00067e+03  7.20191e+02  5.22853e+02  3.81998e+02  2.80753e+02
  2.07428e+02  1.54403e+02  1.15349e+02  8.65890e+01  6.53047e+01  4.94960e+01
  3.76491e+01  2.87521e+01  2.20190e+01  1.71398e+01  1.32974e+01  1.03068e+01
  7.98104e+00  5.89084e+00  4.48222e+00  3.39159e+00  2.55791e+00  1.92285e+00
  1.44072e+00  1.07587e+00  8.00670e-01  5.93774e-01  4.38757e-01  3.23024e-01
  2.36948e-01  1.73185e-01  1.26142e-01  9.15625e-02  6.62252e-02  4.77128e-02

  6.06880e+06  2.34080e+06  1.04742e+06  5.25715e+05  2.88163e+05  1.68683e+05
  1.03609e+05  6.58848e+04  4.42197e+04  3.01379e+04  2.09028e+04  1.47287e+04
  1.05120e+04  7.58246e+03  5.51551e+03  4.04202e+03  2.97849e+03  2.20587e+03
  1.64091e+03  1.22942e+03  9.23613e+02  6.96788e+02  5.27845e+02  4.02748e+02
  3.07766e+02  2.36276e+02  1.81773e+02  1.41893e+02  1.10449e+02  8.59070e+01
  6.67611e+01  4.96024e+01  3.79511e+01  2.88694e+01  2.18915e+01  1.65473e+01
  1.24669e+01  9.36096e+00  7.00384e+00  5.22059e+00  3.87588e+00  2.86541e+00
  2.10896e+00  1.54494e+00  1.12612e+00  8.16443e-01  5.88584e-01  4.21947e-01

  3.93637e+07  1.50344e+07  6.67482e+06  3.33167e+06  1.82096e+06  1.06644e+06
  6.57878e+05  4.21856e+05  2.82692e+05  1.93319e+05  1.34743e+05  9.54428e+04
  6.84903e+04  4.96756e+04  3.63386e+04  2.67788e+04  1.98453e+04  1.47804e+04
  1.10554e+04  8.32386e+03  6.28352e+03  4.76148e+03  3.62160e+03  2.78916e+03
  2.14403e+03  1.65857e+03  1.28478e+03  1.00745e+03  7.88586e+02  6.17107e+02
  4.82687e+02  3.63410e+02  2.80599e+02  2.15516e+02  1.65043e+02  1.26004e+02
  9.58921e+01  7.27275e+01  5.49564e+01  4.13616e+01  3.09930e+01  2.31110e+01
  1.71413e+01  1.26388e+01  9.25939e+00  6.73781e+00  4.86994e+00  3.49779e+00

  2.99866e+08  1.12992e+08  4.95130e+07  2.44004e+07  1.31667e+07  7.61509e+06
  4.64282e+06  2.94631e+06  1.93993e+06  1.30722e+06  8.98377e+05  6.27527e+05
  4.44204e+05  3.17933e+05  2.29654e+05  1.67214e+05  1.22550e+05  9.03397e+04
  6.69383e+04  4.99281e+04  3.73769e+04  2.81044e+04  2.12221e+04  1.62960e+04
  1.24785e+04  9.63883e+03  7.46158e+03  5.83783e+03  4.57074e+03  3.58418e+03
  2.81376e+03  2.14926e+03  1.67463e+03  1.30044e+03  1.00810e+03  7.79885e+02
  6.01902e+02  4.63262e+02  3.55420e+02  2.71671e+02  2.06760e+02  1.56567e+02
  1.17868e+02  8.81385e+01  6.54076e+01  4.81321e+01  3.50979e+01  2.53386e+01

  5.90635e+03  2.51433e+03  1.21051e+03  6.44340e+02  3.73122e+02  2.32328e+02
  1.54334e+02  1.08650e+02  8.39116e+01  6.85617e+01  5.79695e+01  5.04499e+01
  4.49658e+01  4.08715e+01  3.77513e+01  3.53326e+01  3.34342e+01  3.19341e+01
  3.07492e+01  2.98217e+01  2.91099e+01  2.85826e+01  2.82152e+01  2.79878e+01
  2.78837e+01  2.78888e+01  2.79911e+01  2.84196e+01  2.88433e+01  2.93035e+01
  2.98001e+01  2.95956e+01  2.97643e+01  2.99661e+01  3.01505e+01  3.03191e+01
  3.04733e+01  3.06141e+01  3.07426e+01  3.08594e+01  3.09652e+01  3.10608e+01
  3.11472e+01  3.12256e+01  3.12974e+01  3.13646e+01  3.14301e+01  3.14983e+01

  4.87968e+03  2.15610e+03  1.07256e+03  5.86844e+02  3.47495e+02  2.20202e+02
  1.48259e+02  1.05438e+02  8.20321e+01  6.73319e+01  5.70997e+01  4.98084e+01
  4.44716e+01  4.04772e+01  3.74265e+01  3.50580e+01  3.31965e+01  3.17242e+01
  3.05604e+01  2.96490e+01  2.89495e+01  2.84314e+01  2.80708e+01  2.78481e+01
  2.77469e+01  2.77535e+01  2.78560e+01  2.82801e+01  2.86995e+01  2.91552e+01
  2.96471e+01  2.94415e+01  2.96147e+01  2.98158e+01  2.99990e+01  3.01655e+01
  3.03165e+01  3.04527e+01  3.05749e+01  3.06840e+01  3.07806e+01  3.08655e+01
  3.09394e+01  3.10033e+01  3.10586e+01  3.11074e+01  3.11529e+01  3.11991e+01

  3.86803e+03  1.78087e+03  9.19782e+02  5.20034e+02  3.16513e+02  2.05076e+02
  1.40487e+02  1.01239e+02  7.95328e+01  6.56671e+01  5.59089e+01  4.89222e+01
  4.37818e+01  3.99235e+01  3.69676e+01  3.46682e+01  3.28582e+01  3.14250e+01
  3.02914e+01  2.94033e+01  2.87218e+01  2.82175e+01  2.78674e+01  2.76524e+01
  2.75567e+01  2.75669e+01  2.76714e+01  2.80917e+01  2.85081e+01  2.89605e+01
  2.94489e+01  2.92445e+01  2.94254e+01  2.96271e+01  2.98101e+01  2.99751e+01
  3.01230e+01  3.02544e+01  3.03701e+01  3.04707e+01  3.05568e+01  3.06292e+01
  3.06889e+01  3.07373e+01  3.07754e+01  3.08047e+01  3.08269e+01  3.08458e+01

  2.91678e+03  1.40461e+03  7.56823e+02  4.44652e+02  2.79820e+02  1.86425e+02
  1.30585e+02  9.57403e+01  7.61804e+01  6.33784e+01  5.42430e+01  4.76560e+01
  4.27788e+01  3.91072e+01  3.62819e+01  3.40806e+01  3.23446e+01  3.09689e+01
  2.98804e+01  2.90281e+01  2.83749e+01  2.78930e+01  2.75603e+01  2.73586e+01
  2.72730e+01  2.72905e+01  2.74001e+01  2.78175e+01  2.82317e+01  2.86817e+01
  2.91672e+01  2.89669e+01  2.91604e+01  2.93654e+01  2.95509e+01  2.97170e+01
  2.98643e+01  2.99930e+01  3.01037e+01  3.01971e+01  3.02739e+01  3.03347e+01
  3.03802e+01  3.04107e+01  3.04274e+01  3.04327e+01  3.04301e+01  3.04241e+01

  2.06857e+03  1.04636e+03  5.91073e+02  3.62967e+02  2.37699e+02  1.63899e+02
  1.18095e+02  8.85314e+01  7.16161e+01  6.01505e+01  5.18240e+01  4.57579e+01
  4.12328e+01  3.78136e+01  3.51719e+01  3.31153e+01  3.14906e+01  3.02049e+01
  2.91893e+01  2.83971e+01  2.77929e+01  2.73510e+01  2.70509e+01  2.68753e+01
  2.68105e+01  2.68441e+01  2.69661e+01  2.73840e+01  2.77992e+01  2.82491e+01
  2.87338e+01  2.85440e+01  2.87589e+01  2.89726e+01  2.91662e+01  2.93395e+01
  2.94921e+01  2.96240e+01  2.97352e+01  2.98259e+01  2.98963e+01  2.99469e+01
  2.99789e+01  2.99939e+01  2.99940e+01  2.99805e+01  2.99543e+01  2.99163e+01

  1.35974e+03  7.26326e+02  4.32392e+02  2.79135e+02  1.91467e+02  1.37558e+02
  1.02598e+02  7.90606e+01  6.52389e+01  5.53878e+01  4.80791e+01  4.26836e+01
  3.86302e+01  3.55585e+01  3.31865e+01  3.13523e+01  2.99082e+01  2.87749e+01
  2.78882e+01  2.72084e+01  2.66985e+01  2.63367e+01  2.61042e+01  2.59853e+01
  2.59677e+01  2.60407e+01  2.61948e+01  2.66267e+01  2.70547e+01  2.75147e+01
  2.80069e+01  2.78464e+01  2.80995e+01  2.83343e+01  2.85486e+01  2.87414e+01
  2.89120e+01  2.90595e+01  2.91832e+01  2.92827e+01  2.93580e+01  2.94096e+01
  2.94381e+01  2.94436e+01  2.94259e+01  2.93852e+01  2.93242e+01  2.92487e+01

  8.00576e+02  4.55771e+02  2.88291e+02  1.97153e+02  1.42691e+02  1.07522e+02
  8.34515e+01  6.63407e+01  5.58519e+01  4.78524e+01  4.17909e+01  3.72741e+01
  3.38865e+01  3.13410e+01  2.94057e+01  2.79406e+01  2.68126e+01  2.59522e+01
  2.53021e+01  2.48371e+01  2.45091e+01  2.43051e+01  2.42097e+01  2.42100e+01
  2.42952e+01  2.44577e+01  2.46882e+01  2.51682e+01  2.56406e+01  2.61388e+01
  2.66635e+01  2.65854e+01  2.69101e+01  2.71961e+01  2.74602e+01  2.77011e+01
  2.79173e+01  2.81074e+01  2.82698e+01  2.84030e+01  2.85060e+01  2.85778e+01
  2.86178e+01  2.86262e+01  2.86053e+01  2.85593e+01  2.84936e+01  2.84126e+01

  4.10367e+02  2.52501e+02  1.71563e+02  1.25223e+02  9.59479e+01  7.57068e+01
  6.07773e+01  4.94550e+01  4.19857e+01  3.60258e+01  3.15773e+01  2.83572e+01
  2.60353e+01  2.43643e+01  2.31534e+01  2.22831e+01  2.16523e+01  2.12065e+01
  2.09045e+01  2.07400e+01  2.06641e+01  2.06758e+01  2.07663e+01  2.09329e+01
  2.11614e+01  2.14536e+01  2.17990e+01  2.23514e+01  2.28992e+01  2.34690e+01
  2.40612e+01  2.41733e+01  2.46207e+01  2.50169e+01  2.53894e+01  2.57363e+01
  2.60554e+01  2.63443e+01  2.66005e+01  2.68214e+01  2.70047e+01  2.71485e+01
  2.72520e+01  2.73156e+01  2.73404e+01  2.73272e+01  2.72743e+01  2.71783e+01

  1.89232e+02  1.27008e+02  9.32504e+01  7.24788e+01  5.78152e+01  4.62760e+01
  3.71135e+01  3.02870e+01  2.57564e+01  2.25203e+01  2.03838e+01  1.89879e+01
  1.80644e+01  1.74466e+01  1.70295e+01  1.67521e+01  1.65712e+01  1.64641e+01
  1.64152e+01  1.64268e+01  1.64782e+01  1.65733e+01  1.67114e+01  1.69068e+01
  1.71382e+01  1.74216e+01  1.77484e+01  1.82164e+01  1.87057e+01  1.92317e+01
  1.97938e+01  2.01154e+01  2.06446e+01  2.11459e+01  2.16406e+01  2.21234e+01
  2.25890e+01  2.30319e+01  2.34464e+01  2.38268e+01  2.41675e+01  2.44631e+01
  2.47086e+01  2.48996e+01  2.50315e+01  2.50999e+01  2.51018e+01  2.50391e+01

  8.50751e+01  6.30913e+01  5.02458e+01  4.07136e+01  3.21213e+01  2.50524e+01
  2.04329e+01  1.78173e+01  1.63473e+01  1.54868e+01  1.49898e+01  1.46919e+01
  1.45065e+01  1.43887e+01  1.43137e+01  1.42676e+01  1.42420e+01  1.42323e+01
  1.42358e+01  1.42535e+01  1.42819e+01  1.43227e+01  1.43768e+01  1.44557e+01
  1.45465e+01  1.46614e+01  1.47976e+01  1.49885e+01  1.52035e+01  1.54499e+01
  1.57308e+01  1.59799e+01  1.63143e+01  1.66655e+01  1.70434e+01  1.74453e+01
  1.78672e+01  1.83040e+01  1.87492e+01  1.91950e+01  1.96321e+01  2.00504e+01
  2.04389e+01  2.07866e+01  2.10826e+01  2.13185e+01  2.14900e+01  2.15980e+01

  4.38828e+01  3.65131e+01  3.11483e+01  2.51240e+01  1.95757e+01  1.64388e+01
  1.50412e+01  1.44214e+01  1.41072e+01  1.39391e+01  1.38464e+01  1.37921e+01
  1.37587e+01  1.37376e+01  1.37241e+01  1.37159e+01  1.37113e+01  1.37095e+01
  1.37100e+01  1.37130e+01  1.37179e+01  1.37251e+01  1.37346e+01  1.37492e+01
  1.37661e+01  1.37880e+01  1.38146e+01  1.38516e+01  1.38951e+01  1.39471e+01
  1.40091e+01  1.40783e+01  1.41661e+01  1.42664e+01  1.43834e+01  1.45186e+01
  1.46738e+01  1.48500e+01  1.50480e+01  1.52673e+01  1.55062e+01  1.57616e+01
  1.60281e+01  1.62984e+01  1.65634e+01  1.68127e+01  1.70355e+01  1.72197e+01

  1.26708e-11  1.38625e-10  9.10706e-10  3.99286e-09  1.27089e-08  3.14017e-08
  6.35280e-08  1.09771e-07  1.68257e-07  2.47324e-07  3.35608e-07  4.26296e-07
  5.13386e-07  5.92198e-07  6.59677e-07  7.14309e-07  7.55787e-07  7.84625e-07
  8.01820e-07  8.08621e-07  8.06384e-07  7.96509e-07  7.80395e-07  7.59388e-07
  7.34752e-07  7.07615e-07  6.78947e-07  6.45913e-07  6.14698e-07  5.84715e-07
  5.56027e-07  5.13233e-07  4.77224e-07  4.44930e-07  4.13889e-07  3.84235e-07
  3.56052e-07  3.29388e-07  3.04255e-07  2.80647e-07  2.58538e-07  2.37892e-07
  2.18664e-07  2.00806e-07  1.84267e-07  1.68999e-07  1.54960e-07  1.42117e-07

  4.00488e-11  4.38026e-10  2.87674e-09  1.26087e-08  4.01201e-08  9.91023e-08
  2.00439e-07  3.46259e-07  5.30640e-07  7.79819e-07  1.05785e-06  1.34332e-06
  1.61731e-06  1.86512e-06  2.07719e-06  2.24879e-06  2.37899e-06  2.46944e-06
  2.52330e-06  2.54452e-06  2.53735e-06  2.50620e-06  2.45547e-06  2.38937e-06
  2.31188e-06  2.22655e-06  2.13641e-06  2.03254e-06  1.93439e-06  1.84013e-06
  1.74995e-06  1.61515e-06  1.50209e-06  1.40051e-06  1.30283e-06  1.20947e-06
  1.12069e-06  1.03665e-06  9.57407e-07  8.82934e-07  8.13167e-07  7.47996e-07
  6.87284e-07  6.30876e-07  5.78620e-07  5.30371e-07  4.85998e-07  4.45397e-07

  1.26564e-10  1.38353e-09  9.08137e-09  3.97820e-08  1.26519e-07  3.12372e-07
  6.31509e-07  1.09048e-06  1.67056e-06  2.45392e-06  3.32698e-06  4.22265e-06
  5.08143e-06  5.85768e-06  6.52138e-06  7.05813e-06  7.46515e-06  7.74777e-06
  7.91594e-06  7.98227e-06  7.95977e-06  7.86236e-06  7.70373e-06  7.49697e-06
  7.25469e-06  6.98785e-06  6.70597e-06  6.38101e-06  6.07400e-06  5.77912e-06
  5.49697e-06  5.07360e-06  4.71994e-06  4.40134e-06  4.09473e-06  3.80142e-06
  3.52230e-06  3.25785e-06  3.00831e-06  2.77364e-06  2.55368e-06  2.34810e-06
  2.15651e-06  1.97848e-06  1.81351e-06  1.66110e-06  1.52081e-06  1.39232e-06

  3.99939e-10  4.36713e-09  2.86340e-08  1.25304e-07  3.98119e-07  9.82066e-07
  1.98371e-06  3.42258e-06  5.23959e-06  7.68857e-06  1.04121e-05  1.32009e-05
  1.58697e-05  1.82796e-05  2.03370e-05  2.20006e-05  2.32617e-05  2.41382e-05
  2.46610e-05  2.48711e-05  2.48057e-05  2.45087e-05  2.40220e-05  2.33848e-05
  2.26378e-05  2.18140e-05  2.09430e-05  1.99373e-05  1.89867e-05  1.80732e-05
  1.71984e-05  1.58766e-05  1.47788e-05  1.37859e-05  1.28290e-05  1.19124e-05
  1.10389e-05  1.02103e-05  9.42736e-06  8.69031e-06  7.99878e-06  7.35189e-06
  6.74845e-06  6.18703e-06  5.66620e-06  5.18470e-06  4.74139e-06  4.33528e-06

  1.26434e-09  1.37695e-08  9.00524e-08  3.93143e-07  1.24643e-06  3.06855e-06
  6.18637e-06  1.06526e-05  1.62809e-05  2.38271e-05  3.21774e-05  4.06880e-05
  4.87978e-05  5.61013e-05  6.23221e-05  6.73608e-05  7.11843e-05  7.38583e-05
  7.54743e-05  7.61766e-05  7.60411e-05  7.52075e-05  7.37993e-05  7.19192e-05
  6.97063e-05  6.72515e-05  6.46448e-05  6.16201e-05  5.87529e-05  5.59898e-05
  5.33374e-05  4.92706e-05  4.59208e-05  4.28721e-05  3.99264e-05  3.70973e-05
  3.43943e-05  3.18237e-05  2.93891e-05  2.70918e-05  2.49313e-05  2.29059e-05
  2.10131e-05  1.92498e-05  1.76121e-05  1.60953e-05  1.46943e-05  1.34042e-05

  4.01347e-09  4.34105e-08  2.82054e-07  1.22397e-06  3.85911e-06  9.45104e-06
  1.89534e-05  3.24538e-05  4.93607e-05  7.16814e-05  9.60432e-05  1.20552e-04
  1.43649e-04  1.64301e-04  1.81824e-04  1.96106e-04  2.07020e-04  2.14825e-04
  2.19758e-04  2.22448e-04  2.22708e-04  2.21018e-04  2.17692e-04  2.12878e-04
  2.07113e-04  2.00569e-04  1.93504e-04  1.85160e-04  1.77163e-04  1.69376e-04
  1.61833e-04  1.49827e-04  1.40055e-04  1.31058e-04  1.22306e-04  1.13847e-04
  1.05718e-04  9.79441e-05  9.05416e-05  8.35208e-05  7.68867e-05  7.06390e-05
  6.47729e-05  5.92784e-05  5.41418e-05  4.93487e-05  4.48876e-05  4.07505e-05

  1.30895e-08  1.39335e-07  8.91216e-07  3.80942e-06  1.18343e-05  2.85432e-05
  5.62997e-05  9.46493e-05  1.41556e-04  2.00644e-04  2.62488e-04  3.22368e-04
  3.77099e-04  4.25125e-04  4.65599e-04  4.99123e-04  5.25416e-04  5.45367e-04
  5.59443e-04  5.70856e-04  5.76135e-04  5.77142e-04  5.74366e-04  5.67055e-04
  5.57597e-04  5.45717e-04  5.31996e-04  5.14672e-04  4.97371e-04  4.79895e-04
  4.62408e-04  4.31134e-04  4.06154e-04  3.82542e-04  3.59102e-04  3.36033e-04
  3.13495e-04  2.91611e-04  2.70475e-04  2.50156e-04  2.30702e-04  2.12140e-04
  1.94480e-04  1.77720e-04  1.61851e-04  1.46861e-04  1.32719e-04  1.19372e-04

  4.72058e-08  4.89750e-07  3.04824e-06  1.26495e-05  3.79712e-05  8.78138e-05
  1.64540e-04  2.60771e-04  3.68332e-04  4.86940e-04  5.97240e-04  6.94053e-04
  7.76596e-04  8.46559e-04  9.05396e-04  9.56356e-04  9.99123e-04  1.03567e-03
  1.06648e-03  1.10308e-03  1.12973e-03  1.15220e-03  1.17056e-03  1.17833e-03
  1.18512e-03  1.18706e-03  1.18462e-03  1.17567e-03  1.16342e-03  1.14787e-03
  1.12938e-03  1.07293e-03  1.03035e-03  9.86991e-04  9.40989e-04  8.93044e-04
  8.43778e-04  7.93727e-04  7.43353e-04  6.93042e-04  6.43113e-04  5.93824e-04
  5.45374e-04  4.97906e-04  4.51483e-04  4.06065e-04  3.61540e-04  3.17834e-04

  2.00539e-07  2.03722e-06  1.23343e-05  4.91000e-05  1.37553e-04  2.85797e-04
  4.65663e-04  6.34445e-04  7.79628e-04  9.00266e-04  9.90140e-04  1.05864e-03
  1.11364e-03  1.16104e-03  1.20375e-03  1.24564e-03  1.28577e-03  1.32601e-03
  1.36646e-03  1.42604e-03  1.47901e-03  1.53477e-03  1.59353e-03  1.63990e-03
  1.69502e-03  1.74984e-03  1.80353e-03  1.85840e-03  1.90838e-03  1.95332e-03
  1.99250e-03  1.96150e-03  1.95323e-03  1.93480e-03  1.90427e-03  1.86212e-03
  1.80893e-03  1.74538e-03  1.67217e-03  1.59000e-03  1.49955e-03  1.40151e-03
  1.29647e-03  1.18502e-03  1.06770e-03  9.45365e-04  8.19748e-04  6.94090e-04

  8.91986e-07  9.04599e-06  5.36954e-05  1.98930e-04  4.71500e-04  7.62538e-04
  9.58464e-04  1.05708e-03  1.10791e-03  1.13418e-03  1.14759e-03  1.15737e-03
  1.16764e-03  1.18047e-03  1.19628e-03  1.21648e-03  1.23974e-03  1.26682e-03
  1.29758e-03  1.34678e-03  1.39517e-03  1.45047e-03  1.51363e-03  1.57200e-03
  1.64428e-03  1.72495e-03  1.81239e-03  1.91426e-03  2.02077e-03  2.13241e-03
  2.24816e-03  2.30361e-03  2.38966e-03  2.46595e-03  2.53020e-03  2.57962e-03
  2.61128e-03  2.62219e-03  2.60930e-03  2.56961e-03  2.50026e-03  2.39877e-03
  2.26339e-03  2.09368e-03  1.89165e-03  1.66343e-03  1.42065e-03  1.17952e-03

  3.39648e-06  3.47400e-05  1.97689e-04  6.07519e-04  1.03159e-03  1.22016e-03
  1.25043e-03  1.22572e-03  1.19293e-03  1.16261e-03  1.13778e-03  1.11944e-03
  1.10719e-03  1.10046e-03  1.09841e-03  1.10095e-03  1.10706e-03  1.11676e-03
  1.12976e-03  1.15303e-03  1.17755e-03  1.20709e-03  1.24234e-03  1.27837e-03
  1.32326e-03  1.37640e-03  1.43642e-03  1.50900e-03  1.58962e-03  1.67955e-03
  1.77925e-03  1.85683e-03  1.95956e-03  2.06513e-03  2.17285e-03  2.28022e-03
  2.38383e-03  2.47916e-03  2.56038e-03  2.62020e-03  2.64998e-03  2.64011e-03
  2.58112e-03  2.46571e-03  2.29203e-03  2.06759e-03  1.81100e-03  1.54818e-03

  1.37213e-10  1.00526e-09  4.79236e-09  1.62444e-08  4.20085e-08  8.76599e-08
  1.54345e-07  2.37611e-07  3.47852e-07  4.75337e-07  6.06890e-07  7.33588e-07
  8.48644e-07  9.47675e-07  1.02854e-06  1.09088e-06  1.13556e-06  1.16415e-06
  1.17855e-06  1.18072e-06  1.17260e-06  1.15599e-06  1.13257e-06  1.10389e-06
  1.07131e-06  1.03605e-06  9.99131e-07  9.58449e-07  9.19142e-07  8.80879e-07
  8.43821e-07  7.67777e-07  7.18799e-07  6.72144e-07  6.27021e-07  5.83675e-07
  5.42275e-07  5.02929e-07  4.65694e-07  4.30590e-07  3.97609e-07  3.66721e-07
  3.37882e-07  3.11038e-07  2.86136e-07  2.63123e-07  2.41959e-07  2.22623e-07

  4.33898e-10  3.17882e-09  1.51539e-08  5.13646e-08  1.32824e-07  2.77151e-07
  4.87952e-07  7.51125e-07  1.09952e-06  1.50233e-06  1.91786e-06  2.31795e-06
  2.68116e-06  2.99370e-06  3.24882e-06  3.44545e-06  3.58632e-06  3.67641e-06
  3.72173e-06  3.72851e-06  3.70280e-06  3.65034e-06  3.57641e-06  3.48586e-06
  3.38305e-06  3.27178e-06  3.15526e-06  3.02689e-06  2.90284e-06  2.78209e-06
  2.66514e-06  2.42490e-06  2.27035e-06  2.12304e-06  1.98055e-06  1.84364e-06
  1.71287e-06  1.58856e-06  1.47091e-06  1.35998e-06  1.25575e-06  1.15813e-06
  1.06697e-06  9.82118e-07  9.03394e-07  8.30641e-07  7.63733e-07  7.02602e-07

  1.37205e-09  1.00517e-08  4.79158e-08  1.62402e-07  4.19926e-07  8.76125e-07
  1.54229e-06  2.37370e-06  3.47403e-06  4.74556e-06  6.05643e-06  7.31781e-06
  8.46222e-06  9.44644e-06  1.02495e-05  1.08682e-05  1.13113e-05  1.15946e-05
  1.17371e-05  1.17584e-05  1.16776e-05  1.15126e-05  1.12801e-05  1.09954e-05
  1.06720e-05  1.03219e-05  9.95519e-06  9.55119e-06  9.16071e-06  8.78051e-06
  8.41219e-06  7.65407e-06  7.16707e-06  6.70247e-06  6.25293e-06  5.82091e-06
  5.40812e-06  5.01564e-06  4.64410e-06  4.29373e-06  3.96446e-06  3.65601e-06
  3.36797e-06  3.09984e-06  2.85106e-06  2.62112e-06  2.40962e-06  2.21634e-06

  4.33840e-09  3.17814e-08  1.51489e-07  5.13390e-07  1.32728e-06  2.76859e-06
  4.87218e-06  7.49539e-06  1.09643e-05  1.49676e-05  1.90882e-05  2.30472e-05
  2.66336e-05  2.97147e-05  3.22262e-05  3.41606e-05  3.55463e-05  3.64335e-05
  3.68815e-05  3.69516e-05  3.67032e-05  3.61919e-05  3.54694e-05  3.45832e-05
  3.35753e-05  3.24831e-05  3.13382e-05  3.00759e-05  2.88546e-05  2.76644e-05
  2.65105e-05  2.41243e-05  2.25953e-05  2.11342e-05  1.97197e-05  1.83595e-05
  1.70592e-05  1.58222e-05  1.46508e-05  1.35456e-05  1.25067e-05  1.15333e-05
  1.06240e-05  9.77724e-06  8.99142e-06  8.26502e-06  7.59685e-06  6.98631e-06

  1.37156e-08  1.00463e-07  4.78785e-07  1.62220e-06  4.19241e-06  8.74019e-06
  1.53680e-05  2.36139e-05  3.44904e-05  4.69947e-05  5.98082e-05  7.20648e-05
  8.31247e-05  9.25988e-05  1.00308e-04  1.06248e-04  1.10512e-04  1.13260e-04
  1.14674e-04  1.14941e-04  1.14236e-04  1.12727e-04  1.10567e-04  1.07901e-04
  1.04851e-04  1.01532e-04  9.80383e-05  9.41793e-05  9.04306e-05  8.67661e-05
  8.32036e-05  7.57508e-05  7.09953e-05  6.64373e-05  6.20174e-05  5.77616e-05
  5.36879e-05  4.98086e-05  4.61309e-05  4.26582e-05  3.93910e-05  3.63273e-05
  3.34638e-05  3.07962e-05  2.83197e-05  2.60297e-05  2.39222e-05  2.19949e-05

  4.33392e-08  3.17351e-07  1.51179e-06  5.11903e-06  1.32167e-05  2.75089e-05
  4.82446e-05  7.38561e-05  1.07364e-04  1.45435e-04  1.83927e-04  2.20273e-04
  2.52711e-04  2.80289e-04  3.02656e-04  3.19950e-04  3.32491e-04  3.40783e-04
  3.45337e-04  3.46681e-04  3.45262e-04  3.41527e-04  3.35879e-04  3.28714e-04
  3.20334e-04  3.11072e-04  3.01185e-04  2.90178e-04  2.79337e-04  2.68627e-04
  2.58119e-04  2.35378e-04  2.20995e-04  2.07104e-04  1.93574e-04  1.80495e-04
  1.67933e-04  1.55935e-04  1.44530e-04  1.33735e-04  1.23558e-04  1.13998e-04
  1.05047e-04  9.66961e-05  8.89310e-05  8.17395e-05  7.51129e-05  6.90490e-05

  1.36738e-07  1.00041e-06  4.76014e-06  1.60891e-05  4.14100e-05  8.57186e-05
  1.49021e-04  2.25335e-04  3.22535e-04  4.28914e-04  5.32187e-04  6.26167e-04
  7.07658e-04  7.75808e-04  8.30985e-04  8.74440e-04  9.07256e-04  9.30801e-04
  9.46198e-04  9.54726e-04  9.56840e-04  9.53431e-04  9.45176e-04  9.32931e-04
  9.16921e-04  8.97971e-04  8.76527e-04  8.51912e-04  8.26378e-04  8.00136e-04
  7.73536e-04  7.09085e-04  6.69209e-04  6.29883e-04  5.91017e-04  5.52985e-04
  5.16071e-04  4.80494e-04  4.46409e-04  4.13926e-04  3.83112e-04  3.54008e-04
  3.26628e-04  3.00973e-04  2.77033e-04  2.54802e-04  2.34273e-04  2.15448e-04

  4.29558e-07  3.13538e-06  1.48672e-05  4.99518e-05  1.27103e-04  2.57715e-04
  4.33875e-04  6.28938e-04  8.56727e-04  1.07935e-03  1.27329e-03  1.43567e-03
  1.56979e-03  1.68119e-03  1.77465e-03  1.85457e-03  1.92296e-03  1.98199e-03
  2.03277e-03  2.07805e-03  2.11523e-03  2.14544e-03  2.16853e-03  2.18637e-03
  2.19515e-03  2.19683e-03  2.19020e-03  2.17823e-03  2.15699e-03  2.12819e-03
  2.09292e-03  1.94875e-03  1.86650e-03  1.77945e-03  1.68897e-03  1.59665e-03
  1.50385e-03  1.41172e-03  1.32119e-03  1.23299e-03  1.14772e-03  1.06584e-03
  9.87696e-04  9.13553e-04  8.43605e-04  7.77985e-04  7.16788e-04  6.60109e-04

  1.33538e-06  9.68957e-06  4.54832e-05  1.49579e-04  3.63487e-04  6.79138e-04
  1.02115e-03  1.30734e-03  1.57396e-03  1.77708e-03  1.92731e-03  2.04774e-03
  2.15360e-03  2.25436e-03  2.35480e-03  2.45829e-03  2.56492e-03  2.67567e-03
  2.79060e-03  2.91467e-03  3.04071e-03  3.17075e-03  3.30388e-03  3.45234e-03
  3.59238e-03  3.73465e-03  3.86927e-03  4.01653e-03  4.14276e-03  4.25043e-03
  4.33853e-03  4.19247e-03  4.15847e-03  4.09262e-03  4.00085e-03  3.88653e-03
  3.75322e-03  3.60448e-03  3.44379e-03  3.27445e-03  3.09950e-03  2.92169e-03
  2.74350e-03  2.56705e-03  2.39418e-03  2.22647e-03  2.06534e-03  1.91224e-03

  4.07119e-06  2.92199e-05  1.33486e-04  4.06792e-04  8.36189e-04  1.22185e-03
  1.43124e-03  1.50492e-03  1.55561e-03  1.58319e-03  1.61000e-03  1.64693e-03
  1.69717e-03  1.76156e-03  1.83977e-03  1.93184e-03  2.03671e-03  2.15455e-03
  2.28540e-03  2.43423e-03  2.59576e-03  2.77307e-03  2.96705e-03  3.21270e-03
  3.45910e-03  3.73804e-03  4.03194e-03  4.37860e-03  4.73114e-03  5.09206e-03
  5.45752e-03  5.57745e-03  5.83441e-03  6.04883e-03  6.22500e-03  6.35887e-03
  6.44741e-03  6.48875e-03  6.48225e-03  6.42855e-03  6.32946e-03  6.18796e-03
  6.00798e-03  5.79426e-03  5.55219e-03  5.28782e-03  5.00774e-03  4.71887e-03

  1.19659e-05  8.48415e-05  3.63617e-04  8.99400e-04  1.29685e-03  1.35940e-03
  1.27707e-03  1.17829e-03  1.11111e-03  1.06503e-03  1.03973e-03  1.03271e-03
  1.04116e-03  1.06304e-03  1.09683e-03  1.14176e-03  1.19703e-03  1.26257e-03
  1.33848e-03  1.42740e-03  1.52725e-03  1.64007e-03  1.76706e-03  1.94122e-03
  2.11917e-03  2.33221e-03  2.56714e-03  2.85137e-03  3.16229e-03  3.50478e-03
  3.88009e-03  4.15183e-03  4.53250e-03  4.91860e-03  5.31351e-03  5.71205e-03
  6.10796e-03  6.49393e-03  6.86160e-03  7.20169e-03  7.50425e-03  7.75899e-03
  7.95579e-03  8.08530e-03  8.13980e-03  8.11387e-03  8.00466e-03  7.81085e-03

 nwfits created 11:45:29 on 09/14/84
