 Ionization Rate(jt,jn) (cm**3 s**-1)  Te(jt) = 10**(-1.2 + (jt-1)/10) jt=1,60
 jn =   1; jt = 1 -> 60 going by rows   ne(jn) = 10**(10 + 0.5*(jn-1)) jn=1,15 
  1.00000E-99  8.23273E-79  2.71317E-67  2.66585E-55  8.79947E-46  3.16283E-38
  3.15323E-32  1.83420E-27  1.12534E-23  1.16683E-20  2.97480E-18  2.51111E-16
  8.57971E-15  1.50074E-13  1.51826E-12  9.93555E-12  4.58972E-11  1.60312E-10
  4.46589E-10  1.03558E-09  2.06751E-09  3.65749E-09  5.84839E-09  8.59216E-09
  1.17700E-08  1.52155E-08  1.87465E-08  2.21895E-08  2.53935E-08  2.82342E-08
  3.06141E-08  3.24630E-08  3.37401E-08  3.44364E-08  3.45743E-08  3.42046E-08
  3.33990E-08  3.22410E-08  3.08169E-08  2.86297E-08  2.66209E-08  2.46946E-08
  2.28604E-08  2.11240E-08  1.94798E-08  1.79424E-08  1.65048E-08  1.51644E-08
  1.39180E-08  1.27614E-08  1.16905E-08  1.07006E-08  9.78692E-09  8.94489E-09
  8.16984E-09  7.45728E-09  6.80287E-09  6.20244E-09  5.65204E-09  5.14793E-09

 jn =   2
  1.00000E-99  4.82970E-82  7.83240E-67  5.09204E-55  1.56205E-45  5.27263E-38
  4.97672E-32  2.75568E-27  1.61419E-23  1.59996E-20  3.90124E-18  3.15201E-16
  1.03886E-14  1.75120E-13  1.71526E-12  1.09243E-11  4.93698E-11  1.69495E-10
  4.65965E-10  1.06969E-09  2.11967E-09  3.73201E-09  5.94854E-09  8.71687E-09
  1.19171E-08  1.53810E-08  1.89261E-08  2.23789E-08  2.55887E-08  2.84317E-08
  3.08110E-08  3.26572E-08  3.39298E-08  3.46203E-08  3.47515E-08  3.43747E-08
  3.35615E-08  3.23958E-08  3.09640E-08  2.87693E-08  2.67529E-08  2.48194E-08
  2.29782E-08  2.12350E-08  1.95784E-08  1.80330E-08  1.65876E-08  1.52399E-08
  1.39865E-08  1.28234E-08  1.17464E-08  1.07508E-08  9.83189E-09  8.98502E-09
  8.20554E-09  7.48893E-09  6.83083E-09  6.22706E-09  5.67365E-09  5.16683E-09

 jn =   3
  1.00000E-99  8.24318E-79  1.32124E-66  1.08123E-54  3.03359E-45  9.48783E-38
  8.38562E-32  4.38472E-27  2.43932E-23  2.30382E-20  5.36106E-18  4.13704E-16
  1.31130E-14  2.12229E-13  2.00320E-12  1.23534E-11  5.43439E-11  1.82547E-10
  4.93352E-10  1.11776E-09  2.19295E-09  3.83702E-09  6.08955E-09  8.89201E-09
  1.21234E-08  1.56123E-08  1.91769E-08  2.26428E-08  2.58601E-08  2.87057E-08
  3.10837E-08  3.29253E-08  3.41911E-08  3.48730E-08  3.49946E-08  3.46074E-08
  3.37834E-08  3.26069E-08  3.11642E-08  2.89589E-08  2.69323E-08  2.49888E-08
  2.31381E-08  2.13857E-08  1.97125E-08  1.81563E-08  1.67008E-08  1.53434E-08
  1.40809E-08  1.29094E-08  1.18244E-08  1.08215E-08  9.89581E-09  9.04268E-09
  8.25745E-09  7.53556E-09  6.87263E-09  6.26445E-09  5.70702E-09  5.19654E-09

 jn =   4
  1.00000E-99  3.72430E-81  3.97672E-66  2.61445E-54  6.61570E-45  1.88911E-37
  1.54136E-31  7.52212E-27  3.93990E-23  3.52433E-20  7.79589E-18  5.72904E-16
  1.74058E-14  2.69512E-13  2.44040E-12  1.44945E-11  6.17139E-11  2.01711E-10
  5.33260E-10  1.18741E-09  2.29863E-09  3.98879E-09  6.29280E-09  9.14480E-09
  1.24213E-08  1.59453E-08  1.95377E-08  2.30214E-08  2.62489E-08  2.90976E-08
  3.14730E-08  3.33074E-08  3.45627E-08  3.52317E-08  3.53388E-08  3.49360E-08
  3.40961E-08  3.29034E-08  3.14449E-08  2.92239E-08  2.71822E-08  2.52242E-08
  2.33596E-08  2.15940E-08  1.98971E-08  1.83259E-08  1.68559E-08  1.54850E-08
  1.42099E-08  1.30266E-08  1.19308E-08  1.09178E-08  9.98290E-09  9.12131E-09
  8.32834E-09  7.59939E-09  6.93004E-09  6.31601E-09  5.75328E-09  5.23799E-09

 jn =   5
  1.61095E-99  8.35428E-79  1.12534E-65  7.35596E-54  1.66349E-44  4.28461E-37
  3.17867E-31  1.42606E-26  6.94611E-23  5.82950E-20  1.21751E-17  8.47951E-16
  2.45830E-14  3.62783E-13  3.13735E-12  1.78504E-11  7.31077E-11  2.31009E-10
  5.93697E-10  1.29204E-09  2.45657E-09  4.21556E-09  6.59497E-09  9.52031E-09
  1.28626E-08  1.64393E-08  2.00730E-08  2.35814E-08  2.68237E-08  2.96761E-08
  3.20469E-08  3.38696E-08  3.51084E-08  3.57575E-08  3.58423E-08  3.54158E-08
  3.45517E-08  3.33345E-08  3.18518E-08  2.96073E-08  2.75428E-08  2.55630E-08
  2.36776E-08  2.18918E-08  2.01603E-08  1.85667E-08  1.70757E-08  1.56850E-08
  1.43915E-08  1.31911E-08  1.20795E-08  1.10521E-08  1.01040E-08  9.23029E-09
  8.42632E-09  7.68739E-09  7.00899E-09  6.38678E-09  5.81666E-09  5.29471E-09

 jn =   6
  5.79413E-99  4.32978E-80  4.04173E-65  2.46015E-53  4.99802E-44  1.15206E-36
  7.64481E-31  3.08827E-26  1.37501E-22  1.06796E-19  2.08389E-17  1.36484E-15
  3.75124E-14  5.25264E-13  4.31955E-12  2.34238E-11  9.17108E-11  2.78194E-10
  6.89925E-10  1.45705E-09  2.70478E-09  4.57133E-09  7.06605E-09  1.01029E-08
  1.35441E-08  1.72022E-08  2.08979E-08  2.44437E-08  2.77081E-08  3.05660E-08
  3.29296E-08  3.47307E-08  3.59426E-08  3.65595E-08  3.66085E-08  3.61443E-08
  3.52416E-08  3.39855E-08  3.24646E-08  3.01831E-08  2.80829E-08  2.60690E-08
  2.41511E-08  2.23325E-08  2.05493E-08  1.89216E-08  1.73985E-08  1.59778E-08
  1.46565E-08  1.34305E-08  1.22953E-08  1.12462E-08  1.02784E-08  9.38681E-09
  8.56659E-09  7.81294E-09  7.12125E-09  6.48707E-09  5.90617E-09  5.37454E-09

 jn =   7
  1.87859E-98  1.40828E-79  1.73719E-64  9.86529E-53  1.83383E-43  3.80019E-36
  2.24241E-30  8.04056E-26  3.22285E-22  2.28138E-19  4.09736E-17  2.49005E-15
  6.41230E-14  8.45699E-13  6.57101E-12  3.37408E-11  1.25350E-10  3.61885E-10
  8.57877E-10  1.74116E-09  3.13144E-09  5.17959E-09  7.86421E-09  1.10816E-08
  1.46801E-08  1.84662E-08  2.22562E-08  2.58620E-08  2.91585E-08  3.20232E-08
  3.43737E-08  3.61292E-08  3.72930E-08  3.78538E-08  3.78414E-08  3.73118E-08
  3.63438E-08  3.50210E-08  3.34358E-08  3.10922E-08  2.89327E-08  2.68622E-08
  2.48908E-08  2.30114E-08  2.11508E-08  1.94683E-08  1.78938E-08  1.64255E-08
  1.50601E-08  1.37936E-08  1.26214E-08  1.15386E-08  1.05401E-08  9.62076E-09
  8.77547E-09  7.99924E-09  7.28723E-09  6.63481E-09  6.03757E-09  5.49131E-09

 jn =   8
  4.76247E-98  3.65341E-79  8.32708E-64  4.58586E-52  8.07957E-43  1.55101E-35
  8.29936E-30  2.65754E-25  9.50276E-22  6.01804E-19  9.72796E-17  5.36604E-15
  1.27001E-13  1.56219E-12  1.13825E-11  5.49938E-11  1.92597E-10  5.25151E-10
  1.17907E-09  2.27577E-09  3.93717E-09  6.31833E-09  9.34496E-09  1.28826E-08
  1.67565E-08  2.07620E-08  2.47094E-08  2.84152E-08  3.17593E-08  3.46284E-08
  3.69484E-08  3.86217E-08  3.96963E-08  4.01536E-08  4.00283E-08  3.93679E-08
  3.82765E-08  3.68250E-08  3.51177E-08  3.26571E-08  3.03859E-08  2.82097E-08
  2.61389E-08  2.41295E-08  2.21482E-08  2.03684E-08  1.87041E-08  1.71530E-08
  1.57121E-08  1.43768E-08  1.31422E-08  1.20031E-08  1.09538E-08  9.98875E-09
  9.10248E-09  8.28954E-09  7.54472E-09  6.86300E-09  6.23963E-09  5.67011E-09

 jn =   9
  1.00000E-99  5.61821E-78  3.83436E-63  2.11526E-51  3.67921E-42  6.81104E-35
  3.41408E-29  9.98793E-25  3.21535E-21  1.82402E-18  2.64770E-16  1.32016E-14
  2.85639E-13  3.27481E-12  2.23582E-11  1.01543E-10  3.34763E-10  8.59961E-10
  1.82096E-09  3.32143E-09  5.51275E-09  8.51515E-09  1.21694E-08  1.62870E-08
  2.06542E-08  2.50466E-08  2.92679E-08  3.31435E-08  3.65625E-08  3.94290E-08
  4.16845E-08  4.32367E-08  4.41594E-08  4.44400E-08  4.41218E-08  4.32027E-08
  4.18850E-08  4.01906E-08  3.82539E-08  3.55724E-08  3.30892E-08  3.07113E-08
  2.84498E-08  2.61614E-08  2.39701E-08  2.20041E-08  2.01677E-08  1.84590E-08
  1.68743E-08  1.54087E-08  1.40567E-08  1.28121E-08  1.16684E-08  1.06192E-08
  9.65804E-09  8.77868E-09  7.97504E-09  7.24135E-09  6.57213E-09  5.96219E-09

 jn =   10
  1.14633E-97  1.73862E-77  1.44527E-62  8.11467E-51  1.42552E-41  2.61941E-34
  1.27174E-28  3.52827E-24  1.06201E-20  5.59217E-18  7.50647E-16  3.45384E-14
  6.90757E-13  7.38136E-12  4.70531E-11  2.00060E-10  6.19325E-10  1.49840E-09
  2.99645E-09  5.17518E-09  8.25817E-09  1.22735E-08  1.69404E-08  2.19923E-08
  2.71602E-08  3.21915E-08  3.68805E-08  4.10643E-08  4.46444E-08  4.75492E-08
  4.97420E-08  5.11611E-08  5.18855E-08  5.19235E-08  5.13318E-08  5.00178E-08
  4.83521E-08  4.62746E-08  4.39673E-08  4.09210E-08  3.80806E-08  3.53564E-08
  3.27619E-08  2.99359E-08  2.73761E-08  2.50684E-08  2.29138E-08  2.09113E-08
  1.90573E-08  1.73466E-08  1.57725E-08  1.43276E-08  1.30043E-08  1.17944E-08
  1.06902E-08  9.68365E-09  8.76739E-09  7.93419E-09  7.17724E-09  6.49014E-09

 jn =   11
  6.62317E-93  5.28961E-77  4.27658E-62  2.45697E-50  4.39889E-41  8.16171E-34
  3.94672E-28  1.07648E-23  3.14271E-20  1.57904E-17  1.98519E-15  8.42615E-14
  1.54413E-12  1.50839E-11  8.83838E-11  3.48677E-10  1.01215E-09  2.31817E-09
  4.42230E-09  7.32915E-09  1.13559E-08  1.64255E-08  2.21454E-08  2.81825E-08
  3.42211E-08  3.99837E-08  4.52550E-08  4.98787E-08  5.37636E-08  5.68549E-08
  5.91325E-08  6.05690E-08  6.12316E-08  6.11518E-08  6.03980E-08  5.88607E-08
  5.69511E-08  5.45952E-08  5.19895E-08  4.86271E-08  4.54567E-08  4.23923E-08
  3.94510E-08  3.59069E-08  3.28849E-08  3.01241E-08  2.75291E-08  2.51038E-08
  2.28480E-08  2.07590E-08  1.88319E-08  1.70601E-08  1.54361E-08  1.39516E-08
  1.25979E-08  1.13661E-08  1.02473E-08  9.23290E-09  8.31453E-09  7.48414E-09

 jn =   12
  1.35178E-97  1.11383E-76  9.48789E-62  5.60697E-50  1.03378E-40  1.96630E-33
  9.68188E-28  2.66194E-23  7.67512E-20  3.67843E-17  4.25046E-15  1.62518E-13
  2.68430E-12  2.37645E-11  1.28540E-10  4.76520E-10  1.31939E-09  2.91458E-09
  5.40551E-09  8.75819E-09  1.33570E-08  1.90609E-08  2.54164E-08  3.20581E-08
  3.86475E-08  4.48952E-08  5.05800E-08  5.55483E-08  5.97106E-08  6.30194E-08
  6.54607E-08  6.70303E-08  6.77783E-08  6.77503E-08  6.70197E-08  6.55577E-08
  6.36554E-08  6.13113E-08  5.86882E-08  5.52898E-08  5.20668E-08  4.89334E-08
  4.59066E-08  4.18891E-08  3.86203E-08  3.55932E-08  3.27162E-08  2.99976E-08
  2.74413E-08  2.50485E-08  2.28178E-08  2.07458E-08  1.88279E-08  1.70582E-08
  1.54302E-08  1.39367E-08  1.25703E-08  1.13232E-08  1.01878E-08  9.15631E-09

 jn =   13
  1.38886E-97  1.72309E-76  1.51393E-61  9.17508E-50  1.73972E-40  3.41627E-33
  1.73068E-27  4.85262E-23  1.39073E-19  6.32804E-17  6.68092E-15  2.31948E-13
  3.53317E-12  2.92803E-11  1.51144E-10  5.42325E-10  1.46777E-09  3.18987E-09
  5.84524E-09  9.38334E-09  1.42194E-08  2.01856E-08  2.68050E-08  3.37000E-08
  4.05242E-08  4.69837E-08  5.28553E-08  5.79866E-08  6.22883E-08  6.57156E-08
  6.82565E-08  6.99171E-08  7.07385E-08  7.07719E-08  7.00928E-08  6.87396E-08
  6.69029E-08  6.46425E-08  6.20913E-08  5.87614E-08  5.56053E-08  5.25366E-08
  4.95716E-08  4.53956E-08  4.20963E-08  3.90253E-08  3.60915E-08  3.33040E-08
  3.06676E-08  2.81842E-08  2.58534E-08  2.36728E-08  2.16388E-08  1.97464E-08
  1.79904E-08  1.63646E-08  1.48627E-08  1.34783E-08  1.22048E-08  1.10356E-08

 jn =   14
  1.41725E-97  2.04412E-76  1.90737E-61  1.15967E-49  2.22502E-40  4.43725E-33
  2.29912E-27  6.54464E-23  1.86941E-19  8.19511E-17  8.16294E-15  2.68496E-13
  3.93032E-12  3.16279E-11  1.60150E-10  5.67430E-10  1.52259E-09  3.28943E-09
  6.00195E-09  9.60515E-09  1.45243E-08  2.05839E-08  2.72967E-08  3.42822E-08
  4.11893E-08  4.77241E-08  5.36627E-08  5.88534E-08  6.32068E-08  6.66790E-08
  6.92589E-08  7.09565E-08  7.18090E-08  7.18700E-08  7.12157E-08  6.99139E-08
  6.81115E-08  6.58955E-08  6.33856E-08  6.00975E-08  5.69850E-08  5.39615E-08
  5.10434E-08  4.68274E-08  4.35414E-08  4.04798E-08  3.75518E-08  3.47664E-08
  3.21286E-08  2.96403E-08  2.73011E-08  2.51087E-08  2.30594E-08  2.11485E-08
  1.93705E-08  1.77195E-08  1.61893E-08  1.47733E-08  1.34652E-08  1.22586E-08

 jn =   15
  1.72232E-97  2.43222E-76  2.03219E-61  1.23882E-49  2.50993E-40  4.98024E-33
  2.57731E-27  7.37279E-23  2.10281E-19  9.05148E-17  8.78487E-15  2.82727E-13
  4.07609E-12  3.24564E-11  1.63242E-10  5.75830E-10  1.54043E-09  3.32149E-09
  6.05218E-09  9.67522E-09  1.46209E-08  2.07114E-08  2.74539E-08  3.44679E-08
  4.14067E-08  4.79679E-08  5.39334E-08  5.91455E-08  6.35178E-08  6.70040E-08
  6.95961E-08  7.13052E-08  7.21676E-08  7.22375E-08  7.15913E-08  7.03073E-08
  6.85171E-08  6.63171E-08  6.38224E-08  6.05500E-08  5.74545E-08  5.44489E-08
  5.15497E-08  4.73231E-08  4.40452E-08  4.09908E-08  3.80692E-08  3.52893E-08
  3.26561E-08  3.01718E-08  2.78357E-08  2.56458E-08  2.35982E-08  2.16882E-08
  1.99104E-08  1.82589E-08  1.67273E-08  1.53092E-08  1.39982E-08  1.27877E-08

 Recombination Rate(jt,jn) (cm**3 s**-1)
 jn =   1
  5.23562E-11  2.56421E-11  1.36798E-11  7.91489E-12  4.92355E-12  3.25884E-12
  2.27112E-12  1.65038E-12  1.23991E-12  9.56132E-13  7.52235E-13  6.00894E-13
  4.85427E-13  3.95320E-13  3.23710E-13  2.65973E-13  2.18903E-13  1.80235E-13
  1.48263E-13  1.21742E-13  9.97055E-14  8.13860E-14  6.61766E-14  5.35806E-14
  4.31833E-14  3.46341E-14  2.76382E-14  2.19433E-14  1.73330E-14  1.36222E-14
  1.06529E-14  8.29067E-15  6.42229E-15  4.95279E-15  3.80330E-15  2.90880E-15
  2.21619E-15  1.68242E-15  1.27288E-15  9.59983E-16  7.21847E-16  5.41275E-16
  4.04819E-16  3.02029E-16  2.24829E-16  1.67007E-16  1.23811E-16  9.16184E-17
  6.76794E-17  4.99147E-17  3.67574E-17  2.70301E-17  1.98505E-17  1.45598E-17
  1.06668E-17  7.80603E-18  5.70660E-18  4.16773E-18  3.04103E-18  2.21698E-18

 jn =   2
  1.19483E-10  5.22693E-11  2.49652E-11  1.30381E-11  7.40515E-12  4.53223E-12
  2.95744E-12  2.03563E-12  1.46337E-12  1.08913E-12  8.32990E-13  6.50655E-13
  5.16415E-13  4.14752E-13  3.35944E-13  2.73682E-13  2.23754E-13  1.83272E-13
  1.50150E-13  1.22900E-13  1.00405E-13  8.17979E-14  6.64123E-14  5.37086E-14
  4.32476E-14  3.46616E-14  2.76454E-14  2.19400E-14  1.73250E-14  1.36126E-14
  1.06434E-14  8.28216E-15  6.41503E-15  4.94682E-15  3.79850E-15  2.90502E-15
  2.21325E-15  1.68016E-15  1.27117E-15  9.58689E-16  7.20878E-16  5.40553E-16
  4.04285E-16  3.01635E-16  2.24540E-16  1.66796E-16  1.23658E-16  9.15071E-17
  6.75989E-17  4.98568E-17  3.67159E-17  2.70004E-17  1.98294E-17  1.45448E-17
  1.06561E-17  7.79854E-18  5.70133E-18  4.16404E-18  3.03846E-18  2.21519E-18

 jn =   3
  3.04509E-10  1.20074E-10  5.13310E-11  2.40278E-11  1.23189E-11  6.88046E-12
  4.14747E-12  2.66989E-12  1.81578E-12  1.29162E-12  9.52439E-13  7.22552E-13
  5.60335E-13  4.41859E-13  3.52780E-13  2.84170E-13  2.30287E-13  1.87325E-13
  1.52648E-13  1.24423E-13  1.01319E-13  8.23318E-14  6.67143E-14  5.38695E-14
  4.33259E-14  3.46926E-14  2.76507E-14  2.19324E-14  1.73119E-14  1.35981E-14
  1.06296E-14  8.26995E-15  6.40474E-15  4.93842E-15  3.79181E-15  2.89977E-15
  2.20919E-15  1.67706E-15  1.26882E-15  9.56918E-16  7.19553E-16  5.39568E-16
  4.03555E-16  3.01098E-16  2.24145E-16  1.66507E-16  1.23447E-16  9.13535E-17
  6.74874E-17  4.97761E-17  3.66576E-17  2.69583E-17  1.97992E-17  1.45231E-17
  1.06406E-17  7.78743E-18  5.69341E-18  4.15841E-18  3.03446E-18  2.21236E-18

 jn =   4
  8.49060E-10  3.07929E-10  1.19057E-10  4.99814E-11  2.29598E-11  1.15764E-11
  6.36225E-12  3.77936E-12  2.40078E-12  1.61343E-12  1.13563E-12  8.29673E-13
  6.24257E-13  4.80563E-13  3.76446E-13  2.98721E-13  2.39248E-13  1.92829E-13
  1.56011E-13  1.26455E-13  1.02527E-13  8.30329E-14  6.71062E-14  5.40751E-14
  4.34228E-14  3.47276E-14  2.76528E-14  2.19184E-14  1.72914E-14  1.35765E-14
  1.06094E-14  8.25238E-15  6.39009E-15  4.92655E-15  3.78239E-15  2.89243E-15
  2.20354E-15  1.67275E-15  1.26556E-15  9.54473E-16  7.17730E-16  5.38216E-16
  4.02557E-16  3.00363E-16  2.23607E-16  1.66114E-16  1.23160E-16  9.11453E-17
  6.73365E-17  4.96669E-17  3.65787E-17  2.69015E-17  1.97582E-17  1.44937E-17
  1.06195E-17  7.77230E-18  5.68258E-18  4.15067E-18  3.02893E-18  2.20842E-18

 jn =   5
  2.51294E-09  8.61810E-10  3.07765E-10  1.17046E-10  4.81415E-11  2.18157E-11
  1.08271E-11  5.86222E-12  3.43283E-12  2.15186E-12  1.42894E-12  9.95097E-13
  7.20098E-13  5.37220E-13  4.10418E-13  3.19276E-13  2.51737E-13  2.00413E-13
  1.60594E-13  1.29198E-13  1.04141E-13  8.39591E-14  6.76164E-14  5.43382E-14
  4.35422E-14  3.47661E-14  2.76488E-14  2.18943E-14  1.72598E-14  1.35443E-14
  1.05799E-14  8.22700E-15  6.36907E-15  4.90961E-15  3.76901E-15  2.88203E-15
  2.19555E-15  1.66667E-15  1.26098E-15  9.51047E-16  7.15182E-16  5.36330E-16
  4.01167E-16  2.99343E-16  2.22861E-16  1.65570E-16  1.22765E-16  9.08589E-17
  6.71293E-17  4.95173E-17  3.64709E-17  2.68239E-17  1.97025E-17  1.44538E-17
  1.05909E-17  7.75182E-18  5.66795E-18  4.14022E-18  3.02148E-18  2.20311E-18

 jn =   6
  7.66327E-09  2.55311E-09  8.66270E-10  3.05161E-10  1.13729E-10  4.64171E-11
  2.06645E-11  1.00730E-11  5.36784E-12  3.09866E-12  1.91780E-12  1.25884E-12
  8.67441E-13  6.21778E-13  4.59922E-13  3.48653E-13  2.69302E-13  2.10936E-13
  1.66877E-13  1.32915E-13  1.06301E-13  8.51821E-14  6.82782E-14  5.46705E-14
  4.36849E-14  3.48042E-14  2.76325E-14  2.18534E-14  1.72108E-14  1.34958E-14
  1.05363E-14  8.18990E-15  6.33857E-15  4.88517E-15  3.74979E-15  2.86713E-15
  2.18414E-15  1.65803E-15  1.25448E-15  9.46189E-16  7.11574E-16  5.33664E-16
  3.99207E-16  2.97907E-16  2.21813E-16  1.64807E-16  1.22211E-16  9.04581E-17
  6.68398E-17  4.93087E-17  3.63209E-17  2.67162E-17  1.96253E-17  1.43985E-17
  1.05513E-17  7.72360E-18  5.64782E-18  4.12588E-18  3.01127E-18  2.19585E-18

 jn =   7
  2.35526E-08  7.76928E-09  2.56820E-09  8.60310E-10  2.96996E-10  1.10340E-10
  4.41495E-11  1.92661E-11  9.28160E-12  4.89122E-12  2.79070E-12  1.70611E-12
  1.10638E-12  7.53847E-13  5.34848E-13  3.91962E-13  2.94623E-13  2.25810E-13
  1.75600E-13  1.37984E-13  1.09194E-13  8.67828E-14  6.91185E-14  5.50716E-14
  4.38386E-14  3.48251E-14  2.75875E-14  2.17807E-14  1.71313E-14  1.34205E-14
  1.04698E-14  8.13443E-15  6.29343E-15  4.84925E-15  3.72171E-15  2.84547E-15
  2.16761E-15  1.64554E-15  1.24511E-15  9.39205E-16  7.06397E-16  5.29846E-16
  3.96403E-16  2.95856E-16  2.20317E-16  1.63721E-16  1.21424E-16  8.98889E-17
  6.64294E-17  4.90133E-17  3.61087E-17  2.65641E-17  1.95164E-17  1.43207E-17
  1.04958E-17  7.68401E-18  5.61963E-18  4.10583E-18  2.99702E-18  2.18574E-18

 jn =   8
  7.18560E-08  2.37459E-08  7.78945E-09  2.54694E-09  8.39929E-10  2.91582E-10
  1.06702E-10  4.19319E-11  1.81855E-11  8.64739E-12  4.47779E-12  2.50788E-12
  1.50716E-12  9.64047E-13  6.49039E-13  4.55634E-13  3.30723E-13  2.46448E-13
  1.87395E-13  1.44659E-13  1.12888E-13  8.87463E-14  7.00865E-14  5.54796E-14
  4.39423E-14  3.47741E-14  2.74669E-14  2.16377E-14  1.69906E-14  1.32937E-14
  1.03614E-14  8.04572E-15  6.22226E-15  4.79321E-15  3.67823E-15  2.81228E-15
  2.14245E-15  1.62667E-15  1.23104E-15  9.28776E-16  6.98708E-16  5.24203E-16
  3.92278E-16  2.92851E-16  2.18135E-16  1.62140E-16  1.20282E-16  8.90661E-17
  6.58375E-17  4.85883E-17  3.58041E-17  2.63460E-17  1.93606E-17  1.42094E-17
  1.04165E-17  7.62758E-18  5.57951E-18  4.07733E-18  2.97680E-18  2.17141E-18

 jn =   9
  2.14888E-07  7.17547E-08  2.36556E-08  7.69847E-09  2.48750E-09  8.26315E-10
  2.81038E-10  1.00152E-10  3.89393E-11  1.65547E-11  7.70001E-12  3.90978E-12
  2.15684E-12  1.28766E-12  8.17223E-13  5.45754E-13  3.79913E-13  2.73514E-13
  2.02243E-13  1.52669E-13  1.17055E-13  9.07630E-14  7.09188E-14  5.56811E-14
  4.38280E-14  3.45213E-14  2.71715E-14  2.13494E-14  1.67323E-14  1.30736E-14
  1.01799E-14  7.89978E-15  6.10686E-15  4.70321E-15  3.60883E-15  2.75988E-15
  2.10292E-15  1.59717E-15  1.20913E-15  9.12587E-16  6.86804E-16  5.15488E-16
  3.85924E-16  2.88235E-16  2.14793E-16  1.59727E-16  1.18545E-16  8.78183E-17
  6.49434E-17  4.79490E-17  3.53478E-17  2.60209E-17  1.91293E-17  1.40451E-17
  1.02999E-17  7.54490E-18  5.52095E-18  4.03589E-18  2.94750E-18  2.15069E-18

 jn =   10
  6.20599E-07  2.11431E-07  7.07279E-08  2.32039E-08  7.47208E-09  2.42354E-09
  7.83075E-10  2.58931E-10  9.20545E-11  3.55144E-11  1.49398E-11  6.85836E-12
  3.43706E-12  1.89085E-12  1.11290E-12  6.95061E-13  4.56783E-13  3.13474E-13
  2.22962E-13  1.63196E-13  1.22152E-13  9.29733E-14  7.16187E-14  5.56245E-14
  4.34261E-14  3.39951E-14  2.66354E-14  2.08578E-14  1.63072E-14  1.27193E-14
  9.89226E-15  7.67021E-15  5.92643E-15  4.56304E-15  3.50095E-15  2.67864E-15
  2.04171E-15  1.55156E-15  1.17528E-15  8.87594E-16  6.68444E-16  5.02062E-16
  3.76144E-16  2.81135E-16  2.09655E-16  1.56021E-16  1.15878E-16  8.59037E-17
  6.35720E-17  4.69686E-17  3.46482E-17  2.55226E-17  1.87749E-17  1.37934E-17
  1.01215E-17  7.41856E-18  5.43161E-18  3.97280E-18  2.90299E-18  2.11934E-18

 jn =   11
  1.68084E-06  5.94727E-07  2.04616E-07  6.84781E-08  2.22914E-08  7.21033E-09
  2.28280E-09  7.27377E-10  2.45127E-10  8.79401E-11  3.36822E-11  1.38447E-11
  6.17606E-12  3.04358E-12  1.61878E-12  9.26160E-13  5.66110E-13  3.66604E-13
  2.49165E-13  1.76084E-13  1.28362E-13  9.57634E-14  7.26464E-14  5.57629E-14
  4.31414E-14  3.35362E-14  2.61330E-14  2.03773E-14  1.58785E-14  1.23525E-14
  9.58708E-15  7.42089E-15  5.72616E-15  4.40416E-15  3.37619E-15  2.58181E-15
  1.96708E-15  1.49452E-15  1.13198E-15  8.54932E-16  6.43962E-16  4.83819E-16
  3.62626E-16  2.71158E-16  2.02333E-16  1.50671E-16  1.11986E-16  8.30840E-17
  6.15363E-17  4.55039E-17  3.35977E-17  2.47712E-17  1.82389E-17  1.34119E-17
  9.85052E-18  7.22648E-18  5.29566E-18  3.87672E-18  2.83518E-18  2.07153E-18

 jn =   12
  4.26644E-06  1.57049E-06  5.64006E-07  1.94429E-07  6.48335E-08  2.12696E-08
  6.75409E-09  2.12889E-09  6.93217E-10  2.31429E-10  7.92709E-11  2.84948E-11
  1.11125E-11  4.83580E-12  2.31651E-12  1.21811E-12  6.96709E-13  4.28456E-13
  2.79815E-13  1.91775E-13  1.36789E-13  1.00399E-13  7.51934E-14  5.71319E-14
  4.38383E-14  3.38497E-14  2.62308E-14  2.03583E-14  1.58007E-14  1.22500E-14
  9.47927E-15  7.31767E-15  5.63305E-15  4.32321E-15  3.30761E-15  2.52399E-15
  1.91958E-15  1.45584E-15  1.10092E-15  8.30196E-16  6.24461E-16  4.68576E-16
  3.50801E-16  2.62016E-16  1.95329E-16  1.45339E-16  1.07951E-16  8.00468E-17
  5.92629E-17  4.38111E-17  3.23434E-17  2.38465E-17  1.75602E-17  1.29162E-17
  9.48990E-18  6.96526E-18  5.10719E-18  3.74125E-18  2.73815E-18  2.00226E-18

 jn =   13
  9.52006E-06  3.75266E-06  1.44886E-06  5.21498E-07  1.80055E-07  6.08447E-08
  1.96868E-08  6.22909E-09  1.97452E-09  6.10200E-10  1.85444E-10  5.85530E-11
  2.03072E-11  7.97119E-12  3.50663E-12  1.71714E-12  9.24936E-13  5.40677E-13
  3.38421E-13  2.23929E-13  1.55958E-13  1.12402E-13  8.28984E-14  6.21657E-14
  4.71671E-14  3.60675E-14  2.77139E-14  2.13502E-14  1.64623E-14  1.26886E-14
  9.76730E-15  7.50409E-15  5.75153E-15  4.39660E-15  3.35145E-15  2.54803E-15
  1.93153E-15  1.46028E-15  1.10104E-15  8.27888E-16  6.21073E-16  4.64879E-16
  3.47222E-16  2.58688E-16  1.92420E-16  1.42874E-16  1.05907E-16  7.83799E-17
  5.79217E-17  4.27441E-17  3.15027E-17  2.31896E-17  1.70509E-17  1.25239E-17
  9.18977E-18  6.73698E-18  4.93455E-18  3.61140E-18  2.64100E-18  1.92995E-18

 jn =   14
  1.77710E-05  7.72350E-06  3.38849E-06  1.29160E-06  4.68588E-07  1.64759E-07
  5.52418E-08  1.78105E-08  5.60216E-09  1.64877E-09  4.64186E-10  1.35458E-10
  4.37594E-11  1.60734E-11  6.64369E-12  3.06124E-12  1.55215E-12  8.55141E-13
  5.05819E-13  3.17693E-13  2.13257E-13  1.49214E-13  1.07133E-13  7.84093E-14
  5.81956E-14  4.36248E-14  3.29243E-14  2.49555E-14  1.89609E-14  1.44201E-14
  1.09653E-14  8.33043E-15  6.31927E-15  4.78475E-15  3.61537E-15  2.72604E-15
  2.05093E-15  1.53975E-15  1.15356E-15  8.61954E-16  6.43069E-16  4.78967E-16
  3.56154E-16  2.64036E-16  1.95612E-16  1.44718E-16  1.06915E-16  7.88803E-17
  5.81227E-17  4.27759E-17  3.14452E-17  2.30909E-17  1.69388E-17  1.24138E-17
  9.08936E-18  6.64949E-18  4.86062E-18  3.55030E-18  2.59136E-18  1.89015E-18

 jn =   15
  3.04680E-05  1.43641E-05  6.43600E-06  2.71638E-06  1.12353E-06  4.16670E-07
  1.45733E-07  4.87156E-08  1.56243E-08  4.57029E-09  1.25906E-09  3.58390E-10
  1.12861E-10  4.03158E-11  1.61463E-11  7.17047E-12  3.48326E-12  1.82897E-12
  1.02671E-12  6.10493E-13  3.92896E-13  2.65026E-13  1.83619E-13  1.29829E-13
  9.32299E-14  6.77112E-14  4.95903E-14  3.65290E-14  2.70132E-14  2.00232E-14
  1.48599E-14  1.10313E-14  8.18631E-15  6.07035E-15  4.49678E-15  3.32744E-15
  2.45955E-15  1.81620E-15  1.33990E-15  9.85925E-16  7.25643E-16  5.33928E-16
  3.92707E-16  2.87575E-16  2.10977E-16  1.54735E-16  1.13420E-16  8.30876E-17
  6.08306E-17  4.45088E-17  3.25469E-17  2.37855E-17  1.73723E-17  1.26808E-17
  9.25092E-18  6.74491E-18  4.91503E-18  3.57964E-18  2.60569E-18  1.89576E-18

 Neutral Electron Losses(jt,jn)  (erg s**-1)
 jn =   1
  4.87679E-78  1.21210E-63  3.22057E-52  3.73566E-43  5.78390E-36  2.90433E-30
  9.57467E-26  3.62929E-22  2.46956E-19  4.29975E-17  2.53951E-15  6.36583E-14
  8.08868E-13  5.99444E-12  2.89415E-11  9.93357E-11  2.59710E-10  5.46356E-10
  9.66151E-10  1.48712E-09  2.15829E-09  2.93300E-09  3.71879E-09  4.45745E-09
  5.10881E-09  5.65019E-09  6.07401E-09  6.38372E-09  6.58971E-09  6.70578E-09
  6.74675E-09  6.72690E-09  6.65908E-09  6.55439E-09  6.42212E-09  6.26985E-09
  6.10364E-09  5.92831E-09  5.74757E-09  5.56431E-09  5.38071E-09  5.19841E-09
  5.01864E-09  4.59139E-09  4.30706E-09  4.04605E-09  3.79040E-09  3.54215E-09
  3.30279E-09  3.07341E-09  2.85470E-09  2.64710E-09  2.45081E-09  2.26585E-09
  2.09209E-09  1.92928E-09  1.77712E-09  1.63522E-09  1.50314E-09  1.38044E-09

 jn =   2
  1.54216E-77  3.83298E-63  1.01843E-51  1.18131E-42  1.82902E-35  9.18426E-30
  3.02776E-25  1.14768E-21  7.80939E-19  1.35967E-16  8.03001E-15  2.01262E-13
  2.55665E-12  1.89393E-11  9.13890E-11  3.13464E-10  8.18945E-10  1.72156E-09
  3.04222E-09  4.67977E-09  6.79003E-09  9.22482E-09  1.16925E-08  1.40117E-08
  1.60564E-08  1.77560E-08  1.90866E-08  2.00593E-08  2.07067E-08  2.10721E-08
  2.12020E-08  2.11410E-08  2.09295E-08  2.06023E-08  2.01884E-08  1.97117E-08
  1.91912E-08  1.86419E-08  1.80755E-08  1.75011E-08  1.69255E-08  1.63540E-08
  1.57902E-08  1.44437E-08  1.35530E-08  1.27331E-08  1.19299E-08  1.11498E-08
  1.03976E-08  9.67668E-09  8.98922E-09  8.33660E-09  7.71945E-09  7.13784E-09
  6.59137E-09  6.07930E-09  5.60064E-09  5.15417E-09  4.73858E-09  4.35242E-09

 jn =   3
  4.87663E-77  1.21207E-62  3.22048E-51  3.73557E-42  5.78378E-35  2.90428E-29
  9.57451E-25  3.62923E-21  2.46951E-18  4.29946E-16  2.53899E-14  6.36238E-13
  8.07910E-12  5.98134E-11  2.88393E-10  9.88261E-10  2.57929E-09  5.41665E-09
  9.56281E-09  1.46977E-08  2.13179E-08  2.89506E-08  3.66780E-08  4.39401E-08
  5.03399E-08  5.56613E-08  5.98278E-08  6.28759E-08  6.49069E-08  6.60564E-08
  6.64695E-08  6.62857E-08  6.56310E-08  6.46139E-08  6.33254E-08  6.18395E-08
  6.02160E-08  5.85017E-08  5.67334E-08  5.49392E-08  5.31408E-08  5.13542E-08
  4.95916E-08  4.53528E-08  4.25717E-08  4.00015E-08  3.74832E-08  3.50370E-08
  3.26777E-08  3.04159E-08  2.82589E-08  2.62108E-08  2.42737E-08  2.24478E-08
  2.07321E-08  1.91241E-08  1.76208E-08  1.62184E-08  1.49128E-08  1.36995E-08

 jn =   4
  1.54200E-76  3.83262E-62  1.01834E-50  1.18123E-41  1.82890E-34  9.18372E-29
  3.02761E-24  1.14762E-20  7.80893E-18  1.35950E-15  8.02726E-14  2.01090E-12
  2.55202E-11  1.88772E-10  9.09128E-10  3.11119E-09  8.10835E-09  1.70038E-08
  2.99795E-08  4.60228E-08  6.67218E-08  9.05565E-08  1.14655E-07  1.37294E-07
  1.57234E-07  1.73830E-07  1.86821E-07  1.96340E-07  2.02692E-07  2.06305E-07
  2.07626E-07  2.07090E-07  2.05086E-07  2.01953E-07  1.97972E-07  1.93374E-07
  1.88343E-07  1.83027E-07  1.77539E-07  1.71967E-07  1.66379E-07  1.60824E-07
  1.55342E-07  1.42024E-07  1.33387E-07  1.25359E-07  1.17491E-07  1.09845E-07
  1.02469E-07  9.53948E-08  8.86462E-08  8.22366E-08  7.61727E-08  7.04556E-08
  6.50817E-08  6.00441E-08  5.53334E-08  5.09380E-08  4.68450E-08  4.30407E-08

 jn =   5
  4.87503E-76  1.21171E-61  3.21965E-50  3.73471E-41  5.78258E-34  2.90374E-28
  9.57294E-24  3.62869E-20  2.46911E-17  4.29830E-15  2.53740E-13  6.35319E-12
  8.05550E-11  5.95064E-10  2.86086E-09  9.77085E-09  2.54113E-08  5.31803E-08
  9.35845E-08  1.43424E-07  2.07804E-07  2.81783E-07  3.56458E-07  4.26555E-07
  4.88269E-07  5.39668E-07  5.79897E-07  6.09482E-07  6.29256E-07  6.40589E-07
  6.44843E-07  6.43371E-07  6.37356E-07  6.27842E-07  6.15697E-07  6.01625E-07
  5.86204E-07  5.69883E-07  5.53014E-07  5.35870E-07  5.18657E-07  5.01535E-07
  4.84619E-07  4.42913E-07  4.16315E-07  3.91389E-07  3.66942E-07  3.43172E-07
  3.20226E-07  2.98210E-07  2.77195E-07  2.57227E-07  2.38327E-07  2.20500E-07
  2.03736E-07  1.88015E-07  1.73308E-07  1.59580E-07  1.46792E-07  1.34902E-07

 jn =   6
  1.54041E-75  3.82909E-61  1.01751E-49  1.18036E-40  1.82771E-33  9.17838E-28
  3.02604E-23  1.14708E-19  7.80523E-17  1.35860E-14  8.01704E-13  2.00558E-11
  2.53915E-10  1.87164E-09  8.97377E-09  3.05546E-08  7.92119E-08  1.65264E-07
  2.90008E-07  4.43366E-07  6.41832E-07  8.69121E-07  1.09810E-06  1.31281E-06
  1.50177E-06  1.65918E-06  1.78245E-06  1.87360E-06  1.93465E-06  1.97006E-06
  1.98387E-06  1.98046E-06  1.96303E-06  1.93488E-06  1.89864E-06  1.85641E-06
  1.80999E-06  1.76075E-06  1.70975E-06  1.65782E-06  1.60559E-06  1.55356E-06
  1.50208E-06  1.37220E-06  1.29140E-06  1.21473E-06  1.13946E-06  1.06619E-06
  9.95403E-07  9.27423E-07  8.62481E-07  8.00724E-07  7.42226E-07  6.87008E-07
  6.35048E-07  5.86287E-07  5.40643E-07  4.98011E-07  4.58276E-07  4.21308E-07

 jn =   7
  4.85913E-75  1.20819E-60  3.21130E-49  3.72607E-40  5.77067E-33  2.89841E-27
  9.55726E-23  3.62332E-19  2.46553E-16  4.29055E-14  2.52980E-12  6.31797E-11
  7.97675E-10  5.85728E-09  2.79528E-08  9.46885E-08  2.44203E-07  5.06986E-07
  8.85732E-07  1.34898E-06  1.95010E-06  2.63487E-06  3.32329E-06  3.96820E-06
  4.53589E-06  5.00915E-06  5.38071E-06  5.65710E-06  5.84354E-06  5.95361E-06
  5.99920E-06  5.99651E-06  5.95002E-06  5.87118E-06  5.76781E-06  5.64605E-06
  5.51125E-06  5.36778E-06  5.21837E-06  5.06564E-06  4.91155E-06  4.75757E-06
  4.60483E-06  4.20537E-06  3.96493E-06  3.73301E-06  3.50486E-06  3.28240E-06
  3.06710E-06  2.86001E-06  2.66190E-06  2.47323E-06  2.29428E-06  2.12515E-06
  1.96581E-06  1.81611E-06  1.67582E-06  1.54466E-06  1.42229E-06  1.30833E-06

 jn =   8
  1.52464E-74  3.79412E-60  1.00922E-48  1.17178E-39  1.81586E-32  9.12530E-27
  3.01041E-22  1.14172E-18  7.76947E-16  1.35115E-13  7.95074E-12  1.97813E-10
  2.48338E-09  1.80980E-08  8.56111E-08  2.87285E-07  7.34052E-07  1.51084E-06
  2.61947E-06  3.96401E-06  5.71297E-06  7.69022E-06  9.67329E-06  1.15303E-05
  1.31679E-05  1.45379E-05  1.56209E-05  1.64350E-05  1.69944E-05  1.73368E-05
  1.74951E-05  1.75314E-05  1.74330E-05  1.72407E-05  1.69765E-05  1.66625E-05
  1.63047E-05  1.59223E-05  1.55180E-05  1.51005E-05  1.46759E-05  1.42485E-05
  1.38216E-05  1.26318E-05  1.19421E-05  1.12649E-05  1.05956E-05  9.94026E-06
  9.30365E-06  8.68923E-06  8.09954E-06  7.53633E-06  7.00069E-06  6.49317E-06
  6.01389E-06  5.56262E-06  5.13887E-06  4.74191E-06  4.37087E-06  4.02476E-06

 jn =   9
  4.70565E-74  1.17405E-59  3.13014E-48  3.64189E-39  5.65415E-32  2.84612E-26
  9.40291E-22  3.56989E-18  2.42944E-15  4.21600E-13  2.46753E-11  6.08354E-10
  7.54245E-09  5.40739E-08  2.51125E-07  8.26793E-07  2.07432E-06  4.19956E-06
  7.17903E-06  1.07398E-05  1.53658E-05  2.05527E-05  2.57448E-05  3.06174E-05
  3.49424E-05  3.86005E-05  4.15440E-05  4.38133E-05  4.54401E-05  4.65133E-05
  4.71113E-05  4.74224E-05  4.73612E-05  4.70470E-05  4.65353E-05  4.59721E-05
  4.52211E-05  4.44213E-05  4.35305E-05  4.25849E-05  4.16028E-05  4.05954E-05
  3.95719E-05  3.62922E-05  3.44798E-05  3.26635E-05  3.08487E-05  2.90544E-05
  2.72954E-05  2.55836E-05  2.39282E-05  2.23359E-05  2.08116E-05  1.93585E-05
  1.79784E-05  1.66720E-05  1.54393E-05  1.42792E-05  1.31902E-05  1.21703E-05

 jn =   10
  1.38310E-73  3.47663E-59  9.33179E-48  1.09237E-38  1.70528E-31  8.62629E-26
  2.86222E-21  1.08997E-17  7.41641E-15  1.27883E-12  7.37327E-11  1.77526E-09
  2.13461E-08  1.47214E-07  6.56064E-07  2.07468E-06  5.01853E-06  9.84771E-06
  1.64114E-05  2.40713E-05  3.39651E-05  4.49796E-05  5.60090E-05  6.64400E-05
  7.58445E-05  8.39953E-05  9.07920E-05  9.62995E-05  1.00556E-04  1.03714E-04
  1.05906E-04  1.07555E-04  1.08381E-04  1.08644E-04  1.08449E-04  1.08726E-04
  1.08171E-04  1.07646E-04  1.06772E-04  1.05698E-04  1.04470E-04  1.03107E-04
  1.01625E-04  9.41328E-05  9.03740E-05  8.64587E-05  8.24268E-05  7.83324E-05
  7.42218E-05  7.01347E-05  6.61040E-05  6.21573E-05  5.83170E-05  5.46006E-05
  5.10219E-05  4.75911E-05  4.43151E-05  4.11982E-05  3.82425E-05  3.54483E-05

 jn =   11
  3.57611E-73  9.15374E-59  2.49868E-47  2.97073E-38  4.70431E-31  2.41108E-25
  8.09330E-21  3.10734E-17  2.11288E-14  3.58059E-12  1.98617E-10  4.51856E-09
  5.08209E-08  3.24678E-07  1.34564E-06  3.99279E-06  9.16538E-06  1.72570E-05
  2.78681E-05  3.99411E-05  5.54543E-05  7.26510E-05  8.99159E-05  1.06418E-04
  1.21580E-04  1.35096E-04  1.46817E-04  1.56826E-04  1.65140E-04  1.71949E-04
  1.77406E-04  1.82220E-04  1.85776E-04  1.88492E-04  1.90500E-04  1.95020E-04
  1.97256E-04  2.00155E-04  2.02292E-04  2.04095E-04  2.05649E-04  2.06950E-04
  2.07990E-04  1.96401E-04  1.92255E-04  1.87466E-04  1.82104E-04  1.76259E-04
  1.70018E-04  1.63461E-04  1.56665E-04  1.49702E-04  1.42637E-04  1.35531E-04
  1.28440E-04  1.21413E-04  1.14493E-04  1.07720E-04  1.01126E-04  9.47368E-05

 jn =   12
  7.17234E-73  1.89276E-58  5.32204E-47  6.51130E-38  1.05987E-30  5.57654E-25
  1.91757E-20  7.49222E-17  5.08655E-14  8.30950E-12  4.27673E-10  8.83837E-09
  9.02480E-08  5.24963E-07  2.01677E-06  5.64617E-06  1.24165E-05  2.26630E-05
  3.57945E-05  5.05101E-05  6.93900E-05  9.02922E-05  1.11331E-04  1.31589E-04
  1.50430E-04  1.67524E-04  1.82705E-04  1.96074E-04  2.07626E-04  2.17575E-04
  2.26077E-04  2.34052E-04  2.40613E-04  2.46285E-04  2.51208E-04  2.61318E-04
  2.67800E-04  2.76098E-04  2.83537E-04  2.90895E-04  2.98336E-04  3.05842E-04
  3.13389E-04  3.01977E-04  3.01863E-04  3.00764E-04  2.98706E-04  2.95741E-04
  2.91922E-04  2.87298E-04  2.81923E-04  2.75849E-04  2.69133E-04  2.61833E-04
  2.54010E-04  2.45726E-04  2.37047E-04  2.28039E-04  2.18770E-04  2.09307E-04

 jn =   13
  1.05167E-72  2.85763E-58  8.28100E-47  1.04496E-37  1.75540E-30  9.53530E-25
  3.38204E-20  1.35292E-16  9.16488E-14  1.42657E-11  6.72975E-10  1.26640E-08
  1.19542E-07  6.51925E-07  2.39323E-06  6.49372E-06  1.39779E-05  2.51423E-05
  3.93138E-05  5.51014E-05  7.53564E-05  9.77782E-05  1.20378E-04  1.42210E-04
  1.62623E-04  1.81283E-04  1.98017E-04  2.12940E-04  2.26041E-04  2.37541E-04
  2.47602E-04  2.57247E-04  2.65458E-04  2.72813E-04  2.79460E-04  2.92920E-04
  3.02096E-04  3.13922E-04  3.25001E-04  3.36353E-04  3.48229E-04  3.60650E-04
  3.73628E-04  3.64328E-04  3.68844E-04  3.72516E-04  3.75349E-04  3.77372E-04
  3.78607E-04  3.79071E-04  3.78777E-04  3.77733E-04  3.75948E-04  3.73429E-04
  3.70181E-04  3.66213E-04  3.61532E-04  3.56150E-04  3.50083E-04  3.43348E-04

 jn =   14
  1.23357E-72  3.40683E-58  1.00475E-46  1.29210E-37  2.21508E-30  1.22955E-24
  4.45884E-20  1.81541E-16  1.22751E-13  1.84399E-11  8.21551E-10  1.46594E-08
  1.33075E-07  7.05207E-07  2.54096E-06  6.81032E-06  1.45446E-05  2.60248E-05
  4.05521E-05  5.66977E-05  7.74202E-05  1.00353E-04  1.23487E-04  1.45862E-04
  1.66832E-04  1.86052E-04  2.03350E-04  2.18843E-04  2.32518E-04  2.44602E-04
  2.55256E-04  2.65543E-04  2.74398E-04  2.82418E-04  2.89755E-04  3.04563E-04
  3.14847E-04  3.28142E-04  3.40770E-04  3.53856E-04  3.67699E-04  3.82349E-04
  3.97853E-04  3.89834E-04  3.96746E-04  4.02995E-04  4.08594E-04  4.13583E-04
  4.17990E-04  4.21839E-04  4.25150E-04  4.27933E-04  4.30198E-04  4.31948E-04
  4.33185E-04  4.33905E-04  4.34102E-04  4.33769E-04  4.32896E-04  4.31472E-04

 jn =   15
  1.30494E-72  3.62728E-58  1.07743E-46  1.39655E-37  2.41507E-30  1.35344E-24
  4.95790E-20  2.03522E-16  1.37441E-13  2.03018E-11  8.82268E-10  1.54038E-08
  1.37808E-07  7.22474E-07  2.58606E-06  6.90400E-06  1.47126E-05  2.62836E-05
  4.09148E-05  5.71767E-05  7.80479E-05  1.01139E-04  1.24453E-04  1.47014E-04
  1.68146E-04  1.87549E-04  2.05012E-04  2.20691E-04  2.34553E-04  2.46843E-04
  2.57706E-04  2.68217E-04  2.77298E-04  2.85552E-04  2.93130E-04  3.08403E-04
  3.19075E-04  3.32884E-04  3.46056E-04  3.59756E-04  3.74300E-04  3.89750E-04
  4.06169E-04  3.98651E-04  4.06464E-04  4.13697E-04  4.20370E-04  4.26530E-04
  4.32215E-04  4.37460E-04  4.42290E-04  4.46730E-04  4.50797E-04  4.54507E-04
  4.57871E-04  4.60898E-04  4.63594E-04  4.65960E-04  4.67998E-04  4.69705E-04

 Continuum Electron Losses(jt,jn)  (erg s**-1)
 jn =   1
  1.12349E-11  5.51216E-12  2.94674E-12  1.70906E-12  1.06617E-12  7.08039E-13
  4.95378E-13  3.61651E-13  2.73200E-13  2.12056E-13  1.68146E-13  1.35586E-13
  1.10777E-13  9.14484E-14  7.61141E-14  6.37695E-14  5.37164E-14  4.54578E-14
  3.86196E-14  3.29270E-14  2.81662E-14  2.41680E-14  2.07992E-14  1.79513E-14
  1.55365E-14  1.34830E-14  1.17314E-14  1.02327E-14  8.94653E-15  7.83930E-15
  6.88317E-15  6.05501E-15  5.33559E-15  4.70888E-15  4.16147E-15  3.68217E-15
  3.26154E-15  2.89165E-15  2.56578E-15  2.27821E-15  2.02408E-15  1.79921E-15
  1.60001E-15  1.42339E-15  1.26665E-15  1.12747E-15  1.00379E-15  8.93851E-16
  7.96070E-16  7.09075E-16  6.31653E-16  5.62734E-16  5.01371E-16  4.46725E-16
  3.98055E-16  3.54702E-16  3.16081E-16  2.81673E-16  2.51016E-16  2.23700E-16

 jn =   2
  8.04787E-11  3.52758E-11  1.68863E-11  8.84199E-12  5.03733E-12  3.09413E-12
  2.02756E-12  1.40251E-12  1.01413E-12  7.59994E-13  5.86027E-13  4.62228E-13
  3.71155E-13  3.02262E-13  2.48928E-13  2.06848E-13  1.73133E-13  1.45797E-13
  1.23398E-13  1.04905E-13  8.95413E-14  7.67040E-14  6.59318E-14  5.68533E-14
  4.91744E-14  4.26556E-14  3.71027E-14  3.23564E-14  2.82860E-14  2.47835E-14
  2.17601E-14  1.91419E-14  1.68677E-14  1.48867E-14  1.31565E-14  1.16415E-14
  1.03119E-14  9.14267E-15  8.11253E-15  7.20345E-15  6.40003E-15  5.68909E-15
  5.05930E-15  4.50087E-15  4.00530E-15  3.56522E-15  3.17417E-15  2.82653E-15
  2.51734E-15  2.24225E-15  1.99744E-15  1.77950E-15  1.58546E-15  1.41266E-15
  1.25875E-15  1.12166E-15  9.99531E-16  8.90724E-16  7.93779E-16  7.07399E-16

 jn =   3
  6.42078E-10  2.53755E-10  1.08747E-10  5.10491E-11  2.62604E-11  1.47241E-11
  8.91613E-12  5.77045E-12  3.94913E-12  2.82987E-12  2.10488E-12  1.61323E-12
  1.26629E-12  1.01300E-12  8.22696E-13  6.76243E-13  5.61285E-13  4.69608E-13
  3.95497E-13  3.34957E-13  2.85087E-13  2.43689E-13  2.09134E-13  1.80127E-13
  1.55669E-13  1.34955E-13  1.17340E-13  1.02304E-13  8.94203E-14  7.83416E-14
  6.87819E-14  6.05058E-14  5.33184E-14  4.70580E-14  4.15901E-14  3.68023E-14
  3.26004E-14  2.89050E-14  2.56490E-14  2.27755E-14  2.02358E-14  1.79884E-14
  1.59974E-14  1.42318E-14  1.26650E-14  1.12736E-14  1.00372E-14  8.93794E-15
  7.96029E-15  7.09045E-15  6.31632E-15  5.62718E-15  5.01359E-15  4.46717E-15
  3.98049E-15  3.54698E-15  3.16078E-15  2.81670E-15  2.51014E-15  2.23699E-15

 jn =   4
  5.58430E-09  2.03045E-09  7.87243E-10  3.31550E-10  1.52873E-10  7.74009E-11
  4.27498E-11  2.55429E-11  1.63364E-11  1.10665E-11  7.86206E-12  5.80680E-12
  4.42536E-12  3.45837E-12  2.75755E-12  2.23439E-12  1.83404E-12  1.52135E-12
  1.27287E-12  1.07265E-12  9.09509E-13  7.75251E-13  6.63934E-13  5.70974E-13
  4.92911E-13  4.26997E-13  3.71077E-13  3.23421E-13  2.82636E-13  2.47594E-13
  2.17373E-13  1.91219E-13  1.68510E-13  1.48731E-13  1.31457E-13  1.16330E-13
  1.03054E-13  9.13768E-14  8.10875E-14  7.20060E-14  6.39790E-14  5.68751E-14
  5.05813E-14  4.50001E-14  4.00467E-14  3.56475E-14  3.17383E-14  2.82628E-14
  2.51716E-14  2.24212E-14  1.99734E-14  1.77943E-14  1.58541E-14  1.41262E-14
  1.25873E-14  1.12164E-14  9.99518E-15  8.90715E-15  7.93773E-15  7.07394E-15

 jn =   5
  5.13046E-08  1.76458E-08  6.32154E-09  2.41284E-09  9.96605E-10  4.53674E-10
  2.26382E-10  1.23358E-10  7.27739E-11  4.60153E-11  3.08674E-11  2.17507E-11
  1.59577E-11  1.20974E-11  9.41656E-12  7.48728E-12  6.05597E-12  4.96660E-12
  4.11931E-12  3.44842E-12  2.90932E-12  2.47064E-12  2.11007E-12  1.81101E-12
  1.56119E-12  1.35109E-12  1.17337E-12  1.02225E-12  8.93122E-13  7.82295E-13
  6.86784E-13  6.04162E-13  5.32438E-13  4.69977E-13  4.15423E-13  3.67651E-13
  3.25717E-13  2.88831E-13  2.56325E-13  2.27631E-13  2.02266E-13  1.79815E-13
  1.59923E-13  1.42281E-13  1.26623E-13  1.12716E-13  1.00357E-13  8.93688E-14
  7.95952E-14  7.08989E-14  6.31591E-14  5.62689E-14  5.01338E-14  4.46702E-14
  3.98038E-14  3.54690E-14  3.16072E-14  2.81666E-14  2.51011E-14  2.23696E-14

 jn =   6
  4.82362E-07  1.61255E-07  5.49142E-08  1.94238E-08  7.27309E-09  2.98366E-09
  1.33641E-09  6.56144E-10  3.52497E-10  2.05419E-10  1.28555E-10  8.54834E-11
  5.97969E-11  4.36135E-11  3.29157E-11  2.55397E-11  2.02651E-11  1.63739E-11
  1.34257E-11  1.11413E-11  9.33772E-12  7.89088E-12  6.71496E-12  5.74825E-12
  4.94615E-12  4.27502E-12  3.70954E-12  3.23007E-12  2.82118E-12  2.47075E-12
  2.16901E-12  1.90815E-12  1.68176E-12  1.48462E-12  1.31244E-12  1.16165E-12
  1.02927E-12  9.12803E-13  8.10147E-13  7.19515E-13  6.39384E-13  5.68450E-13
  5.05591E-13  4.49837E-13  4.00347E-13  3.56388E-13  3.17320E-13  2.82582E-13
  2.51683E-13  2.24188E-13  1.99717E-13  1.77931E-13  1.58532E-13  1.41256E-13
  1.25868E-13  1.12161E-13  9.99494E-14  8.90697E-14  7.93760E-14  7.07385E-14

 jn =   7
  4.52803E-06  1.50015E-06  4.98085E-07  1.67638E-07  5.81744E-08  2.17374E-08
  8.75667E-09  3.85210E-09  1.87232E-09  9.96968E-10  5.75851E-10  3.57165E-10
  2.35526E-10  1.63589E-10  1.18657E-10  8.91877E-11  6.90122E-11  5.46765E-11
  4.41572E-11  3.62224E-11  3.00949E-11  2.52675E-11  2.14003E-11  1.82572E-11
  1.56721E-11  1.35236E-11  1.17223E-11  1.02004E-11  8.90599E-12  7.79850E-12
  6.84601E-12  6.02320E-12  5.30928E-12  4.68769E-12  4.14474E-12  3.66915E-12
  3.25153E-12  2.88403E-12  2.56003E-12  2.27390E-12  2.02086E-12  1.79682E-12
  1.59825E-12  1.42209E-12  1.26570E-12  1.12677E-12  1.00329E-12  8.93484E-13
  7.95804E-13  7.08883E-13  6.31515E-13  5.62634E-13  5.01298E-13  4.46673E-13
  3.98018E-13  3.54675E-13  3.16061E-13  2.81659E-13  2.51006E-13  2.23693E-13

 jn =   8
  4.14989E-05  1.38005E-05  4.55521E-06  1.49877E-06  4.97484E-07  1.73901E-07
  6.41350E-08  2.54326E-08  1.11412E-08  5.36024E-09  2.81461E-09  1.60254E-09
  9.81634E-10  6.41521E-10  4.42701E-10  3.19669E-10  2.39587E-10  1.85123E-10
  1.46634E-10  1.18515E-10  9.73725E-11  8.10797E-11  6.82579E-11  5.79843E-11
  4.96268E-11  4.27391E-11  3.70000E-11  3.21732E-11  2.80804E-11  2.45860E-11
  2.15845E-11  1.89940E-11  1.67468E-11  1.47901E-11  1.30806E-11  1.15827E-11
  1.02669E-11  9.10858E-12  8.08688E-12  7.18426E-12  6.38576E-12  5.67854E-12
  5.05153E-12  4.49516E-12  4.00112E-12  3.56217E-12  3.17195E-12  2.82492E-12
  2.51617E-12  2.24141E-12  1.99683E-12  1.77906E-12  1.58514E-12  1.41243E-12
  1.25859E-12  1.12154E-12  9.99447E-13  8.90664E-13  7.93736E-13  7.07368E-13

 jn =   9
  3.64301E-04  1.22696E-04  4.07914E-05  1.33862E-05  4.36192E-06  1.46169E-06
  5.01851E-07  1.80746E-07  7.11133E-08  3.06557E-08  1.44963E-08  7.50654E-09
  4.23601E-09  2.59210E-09  1.69271E-09  1.16779E-09  8.43336E-10  6.32609E-10
  4.89625E-10  3.88787E-10  3.15210E-10  2.59921E-10  2.17297E-10  1.83702E-10
  1.56719E-10  1.34694E-10  1.16471E-10  1.01221E-10  8.83317E-11  7.73496E-11
  6.79273E-11  5.97993E-11  5.27478E-11  4.66059E-11  4.12373E-11  3.65314E-11
  3.23939E-11  2.87491E-11  2.55321E-11  2.26883E-11  2.01712E-11  1.79406E-11
  1.59622E-11  1.42061E-11  1.26462E-11  1.12599E-11  1.00272E-11  8.93073E-12
  7.95507E-12  7.08668E-12  6.31360E-12  5.62523E-12  5.01218E-12  4.46616E-12
  3.97976E-12  3.54645E-12  3.16040E-12  2.81644E-12  2.50995E-12  2.23685E-12

 jn =   10
  2.98250E-03  1.03038E-03  3.49226E-04  1.15999E-04  3.78000E-05  1.24034E-05
  4.05493E-06  1.35744E-06  4.89118E-07  1.91643E-07  8.21267E-08  3.85598E-08
  1.98465E-08  1.12411E-08  6.84665E-09  4.44747E-09  3.05509E-09  2.20184E-09
  1.65222E-09  1.28174E-09  1.02152E-09  8.32091E-10  6.89757E-10  5.79818E-10
  4.92871E-10  4.22716E-10  3.65146E-10  3.17235E-10  2.76889E-10  2.42581E-10
  2.13172E-10  1.87802E-10  1.65783E-10  1.46589E-10  1.29794E-10  1.15062E-10
  1.02091E-10  9.06534E-11  8.05466E-11  7.16038E-11  6.36813E-11  5.66558E-11
  5.04203E-11  4.48823E-11  3.99608E-11  3.55851E-11  3.16930E-11  2.82300E-11
  2.51479E-11  2.24041E-11  1.99611E-11  1.77854E-11  1.58477E-11  1.41216E-11
  1.25840E-11  1.12140E-11  9.99348E-12  8.90592E-12  7.93685E-12  7.07331E-12

 jn =   11
  2.05375E-02  7.49175E-03  2.65121E-03  9.10679E-04  3.03685E-04  1.00458E-04
  3.24831E-05  1.05621E-05  3.63172E-06  1.33066E-06  5.21791E-07  2.20456E-07
  1.01592E-07  5.19312E-08  2.88357E-08  1.73323E-08  1.11940E-08  7.69709E-09
  5.57842E-09  4.22030E-09  3.30403E-09  2.65827E-09  2.18519E-09  1.82685E-09
  1.54759E-09  1.32470E-09  1.14320E-09  9.92953E-10  8.66859E-10  7.59846E-10
  6.68194E-10  5.89126E-10  5.20478E-10  4.60589E-10  4.08135E-10  3.62077E-10
  3.21474E-10  2.85630E-10  2.53922E-10  2.25837E-10  2.00933E-10  1.78829E-10
  1.59197E-10  1.41748E-10  1.26233E-10  1.12432E-10  1.00150E-10  8.92187E-11
  7.94865E-11  7.08204E-11  6.31025E-11  5.62281E-11  5.01044E-11  4.46490E-11
  3.97886E-11  3.54580E-11  3.15993E-11  2.81610E-11  2.50971E-11  2.23667E-11

 jn =   12
  1.03912E-01  4.06277E-02  1.54470E-02  5.61942E-03  1.97117E-03  6.78183E-04
  2.25209E-04  7.40536E-05  2.51129E-05  8.72758E-06  3.11615E-06  1.17155E-06
  4.80291E-07  2.20882E-07  1.12607E-07  6.34271E-08  3.90649E-08  2.59672E-08
  1.83779E-08  1.36767E-08  1.05867E-08  8.45245E-09  6.91286E-09  5.76011E-09
  4.86952E-09  4.16319E-09  3.59066E-09  3.11819E-09  2.72250E-09  2.38710E-09
  2.10002E-09  1.85237E-09  1.63733E-09  1.44966E-09  1.28519E-09  1.14065E-09
  1.01317E-09  9.00551E-10  8.00870E-10  7.12525E-10  6.34141E-10  5.64533E-10
  5.02676E-10  4.47676E-10  3.98749E-10  3.55210E-10  3.16454E-10  2.81947E-10
  2.51218E-10  2.23849E-10  1.99470E-10  1.77751E-10  1.58401E-10  1.41161E-10
  1.25799E-10  1.12111E-10  9.99134E-11  8.90437E-11  7.93572E-11  7.07249E-11

 jn =   13
  3.39291E-01  1.46233E-01  6.15857E-02  2.41195E-02  9.03751E-03  3.30540E-03
  1.15444E-03  3.93335E-04  1.34025E-04  4.45070E-05  1.45594E-05  4.96915E-06
  1.87502E-06  8.06655E-07  3.92246E-07  2.13819E-07  1.28798E-07  8.43266E-08
  5.90709E-08  4.36523E-08  3.36292E-08  2.67644E-08  2.18436E-08  1.81767E-08
  1.53537E-08  1.31206E-08  1.13138E-08  9.82472E-09  8.57863E-09  7.52293E-09
  6.61952E-09  5.84018E-09  5.16344E-09  4.57271E-09  4.05489E-09  3.59952E-09
  3.19789E-09  2.84295E-09  2.52871E-09  2.25013E-09  2.00289E-09  1.78328E-09
  1.58808E-09  1.41447E-09  1.26001E-09  1.12253E-09  1.00014E-09  8.91144E-10
  7.94071E-10  7.07601E-10  6.30568E-10  5.61936E-10  5.00784E-10  4.46295E-10
  3.97739E-10  3.54470E-10  3.15911E-10  2.81549E-10  2.50925E-10  2.23633E-10

 jn =   14
  7.42406E-01  3.58546E-01  1.74613E-01  7.37964E-02  2.96478E-02  1.15284E-02
  4.26912E-03  1.51861E-03  5.26892E-04  1.71290E-04  5.34789E-05  1.74306E-05
  6.35417E-06  2.66525E-06  1.27494E-06  6.87842E-07  4.11445E-07  2.68153E-07
  1.87269E-07  1.38139E-07  1.06280E-07  8.45201E-08  6.89424E-08  5.73503E-08
  4.84334E-08  4.13858E-08  3.56872E-08  3.09924E-08  2.70646E-08  2.37372E-08
  2.08899E-08  1.84333E-08  1.62998E-08  1.44372E-08  1.28042E-08  1.13677E-08
  1.01006E-08  8.98051E-09  7.98870E-09  7.10929E-09  6.32870E-09  5.63523E-09
  5.01875E-09  4.47042E-09  3.98249E-09  3.54815E-09  3.16143E-09  2.81703E-09
  2.51027E-09  2.23699E-09  1.99352E-09  1.77660E-09  1.58330E-09  1.41106E-09
  1.25757E-09  1.12078E-09  9.98878E-10  8.90240E-10  7.93420E-10  7.07132E-10

 jn =   15
  1.34620E+00  7.09801E-01  3.55553E-01  1.67698E-01  7.74786E-02  3.20814E-02
  1.25234E-02  4.67239E-03  1.67414E-03  5.48642E-04  1.70316E-04  5.51586E-05
  2.00299E-05  8.38709E-06  4.01073E-06  2.16390E-06  1.29418E-06  8.43779E-07
  5.89442E-07  4.34833E-07  3.34618E-07  2.66188E-07  2.17161E-07  1.80678E-07
  1.52631E-07  1.30448E-07  1.12513E-07  9.77303E-08  8.53616E-08  7.48810E-08
  6.59111E-08  5.81708E-08  5.14473E-08  4.55761E-08  4.04274E-08  3.58970E-08
  3.19000E-08  2.83661E-08  2.52362E-08  2.24605E-08  1.99963E-08  1.78067E-08
  1.58600E-08  1.41281E-08  1.25869E-08  1.12148E-08  9.99298E-09  8.90477E-09
  7.93541E-09  7.07180E-09  6.30234E-09  5.61671E-09  5.00574E-09  4.46128E-09
  3.97608E-09  3.54366E-09  3.15829E-09  2.81484E-09  2.50874E-09  2.23593E-09

 Neutral n=3 / n=1 (jt,jn)
 jn =   1
  4.72157E-89  5.55328E-72  1.96724E-58  1.11253E-47  3.77882E-39  2.20902E-32
  5.12968E-27  9.19486E-23  2.15588E-19  1.00486E-16  1.29779E-14  6.04445E-13
  1.25142E-11  1.35986E-10  8.85044E-10  3.83187E-09  1.19975E-08  2.90294E-08
  5.72289E-08  9.58646E-08  1.41844E-07  2.02884E-07  2.68013E-07  3.31782E-07
  3.90055E-07  4.40135E-07  4.80717E-07  5.11618E-07  5.33417E-07  5.47127E-07
  5.53947E-07  5.55096E-07  5.51704E-07  5.44771E-07  5.35147E-07  5.23533E-07
  5.10499E-07  4.96497E-07  4.81881E-07  4.66927E-07  4.51845E-07  4.36795E-07
  4.21895E-07  3.91802E-07  3.67400E-07  3.45752E-07  3.24423E-07  3.03611E-07
  2.83463E-07  2.64088E-07  2.45561E-07  2.27930E-07  2.11221E-07  1.95445E-07
  1.80598E-07  1.66666E-07  1.53625E-07  1.41447E-07  1.30100E-07  1.19547E-07

 jn =   2
  1.49491E-88  1.75801E-71  6.22697E-58  3.52115E-47  1.19587E-38  6.99001E-32
  1.62293E-26  2.90836E-22  6.81640E-19  3.17527E-16  4.09772E-14  1.90675E-12
  3.94365E-11  4.28104E-10  2.78354E-09  1.20408E-08  3.76698E-08  9.10856E-08
  1.79469E-07  3.00504E-07  4.44516E-07  6.35814E-07  8.39802E-07  1.03958E-06
  1.22216E-06  1.37915E-06  1.50643E-06  1.60343E-06  1.67196E-06  1.71518E-06
  1.73682E-06  1.74072E-06  1.73037E-06  1.70892E-06  1.67903E-06  1.64286E-06
  1.60224E-06  1.55856E-06  1.51294E-06  1.46623E-06  1.41911E-06  1.37208E-06
  1.32549E-06  1.23085E-06  1.15460E-06  1.08674E-06  1.01987E-06  9.54601E-07
  8.91404E-07  8.30616E-07  7.72476E-07  7.17137E-07  6.64684E-07  6.15150E-07
  5.68522E-07  5.24759E-07  4.83788E-07  4.45522E-07  4.09858E-07  3.76681E-07

 jn =   3
  4.74546E-88  5.57832E-71  1.97514E-57  1.11650E-46  3.79069E-38  2.21496E-31
  5.14057E-26  9.20692E-22  2.15611E-18  1.00328E-15  1.29299E-13  6.00717E-12
  1.24041E-10  1.34442E-09  8.72855E-09  3.77070E-08  1.17831E-07  2.84644E-07
  5.60408E-07  9.37788E-07  1.38674E-06  1.98348E-06  2.61934E-06  3.24243E-06
  3.81193E-06  4.30215E-06  4.69990E-06  5.00360E-06  5.21866E-06  5.35491E-06
  5.42395E-06  5.43780E-06  5.40710E-06  5.34168E-06  5.24982E-06  5.13819E-06
  5.01257E-06  4.87729E-06  4.73582E-06  4.59087E-06  4.44449E-06  4.29826E-06
  4.15337E-06  3.85641E-06  3.61931E-06  3.40735E-06  3.19836E-06  2.99431E-06
  2.79666E-06  2.60647E-06  2.42452E-06  2.25127E-06  2.08702E-06  1.93186E-06
  1.78578E-06  1.64863E-06  1.52020E-06  1.40023E-06  1.28839E-06  1.18433E-06

 jn =   4
  1.51868E-87  1.78294E-70  6.30569E-57  3.56071E-46  1.20771E-37  7.04969E-31
  1.63422E-25  2.92271E-21  6.83174E-18  3.17157E-15  4.07639E-13  1.88833E-11
  3.88771E-10  4.20247E-09  2.72174E-08  1.17325E-07  3.65966E-07  8.82759E-07
  1.73597E-06  2.90244E-06  4.29039E-06  6.13606E-06  8.10132E-06  1.00284E-05
  1.17905E-05  1.33111E-05  1.45460E-05  1.54927E-05  1.61658E-05  1.65960E-05
  1.68185E-05  1.68720E-05  1.67864E-05  1.65928E-05  1.63168E-05  1.59779E-05
  1.55955E-05  1.51823E-05  1.47493E-05  1.43047E-05  1.38550E-05  1.34052E-05
  1.29589E-05  1.20315E-05  1.13005E-05  1.06427E-05  9.99358E-06  9.35926E-06
  8.74440E-06  8.15240E-06  7.58566E-06  7.04575E-06  6.53360E-06  6.04957E-06
  5.59363E-06  5.16540E-06  4.76425E-06  4.38935E-06  4.03974E-06  3.71434E-06

 jn =   5
  4.97977E-87  5.82448E-70  2.05296E-56  1.15566E-45  3.90809E-37  2.27427E-30
  5.25406E-25  9.35875E-21  2.17693E-17  1.00492E-14  1.28362E-12  5.90826E-11
  1.20894E-09  1.30009E-08  8.38141E-08  3.59880E-07  1.11895E-06  2.69229E-06
  5.28450E-06  8.82372E-06  1.30406E-05  1.86480E-05  2.46173E-05  3.04773E-05
  3.58439E-05  4.04932E-05  4.42791E-05  4.72101E-05  4.93077E-05  5.06728E-05
  5.14067E-05  5.16456E-05  5.14480E-05  5.09182E-05  5.01327E-05  4.91401E-05
  4.80158E-05  4.67918E-05  4.55024E-05  4.41730E-05  4.28235E-05  4.14693E-05
  4.01221E-05  3.72544E-05  3.50362E-05  3.30201E-05  3.10272E-05  2.90767E-05
  2.71833E-05  2.53580E-05  2.36086E-05  2.19401E-05  2.03558E-05  1.88571E-05
  1.74441E-05  1.61159E-05  1.48708E-05  1.37063E-05  1.26195E-05  1.16074E-05

 jn =   6
  1.74270E-86  2.01941E-69  7.05648E-56  3.94001E-45  1.32175E-36  7.62612E-30
  1.74454E-24  3.07193E-20  7.05017E-17  3.20613E-14  4.03154E-12  1.82700E-10
  3.68511E-09  3.91865E-08  2.50191E-07  1.06567E-06  3.29233E-06  7.88341E-06
  1.54206E-05  2.56905E-05  3.79870E-05  5.43127E-05  7.17138E-05  8.88488E-05
  1.04611E-04  1.18361E-04  1.29644E-04  1.38557E-04  1.45030E-04  1.49399E-04
  1.51927E-04  1.53231E-04  1.53116E-04  1.52000E-04  1.50103E-04  1.47464E-04
  1.44458E-04  1.41114E-04  1.37542E-04  1.33817E-04  1.29999E-04  1.26135E-04
  1.22264E-04  1.13608E-04  1.07099E-04  1.01091E-04  9.51279E-05  8.92701E-05
  8.35652E-05  7.80493E-05  7.27484E-05  6.76809E-05  6.28583E-05  5.82870E-05
  5.39691E-05  4.99033E-05  4.60856E-05  4.25099E-05  3.91684E-05  3.60523E-05

 jn =   7
  6.94183E-86  7.92309E-69  2.72735E-55  1.50003E-44  4.95139E-36  2.80241E-29
  6.25830E-24  1.07040E-19  2.37414E-16  1.03995E-13  1.25851E-11  5.49617E-10
  1.07245E-08  1.11294E-07  6.96159E-07  2.91634E-06  8.89354E-06  2.10895E-05
  4.09719E-05  6.79612E-05  1.00714E-04  1.43921E-04  1.90144E-04  2.35971E-04
  2.78528E-04  3.16155E-04  3.47546E-04  3.73168E-04  3.92364E-04  4.06126E-04
  4.15022E-04  4.22631E-04  4.25307E-04  4.25188E-04  4.22832E-04  4.17455E-04
  4.11369E-04  4.04113E-04  3.96031E-04  3.87309E-04  3.78121E-04  3.68610E-04
  3.58891E-04  3.34389E-04  3.16762E-04  3.00104E-04  2.83389E-04  2.66814E-04
  2.50536E-04  2.34679E-04  2.19335E-04  2.04576E-04  1.90452E-04  1.76995E-04
  1.64225E-04  1.52149E-04  1.40764E-04  1.30063E-04  1.20030E-04  1.10645E-04

 jn =   8
  3.12631E-85  3.54408E-68  1.20943E-54  6.57794E-44  2.13620E-35  1.17733E-28
  2.52352E-23  4.08653E-19  8.48037E-16  3.45322E-13  3.88360E-11  1.58271E-09
  2.90678E-08  2.89238E-07  1.74742E-06  7.11659E-06  2.12220E-05  4.94631E-05
  9.48704E-05  1.55950E-04  2.32021E-04  3.30496E-04  4.36129E-04  5.41596E-04
  6.40617E-04  7.29633E-04  8.05478E-04  8.69810E-04  9.19933E-04  9.58364E-04
  9.86021E-04  1.02035E-03  1.03876E-03  1.05089E-03  1.05791E-03  1.05235E-03
  1.04783E-03  1.03984E-03  1.02934E-03  1.01662E-03  1.00207E-03  9.86022E-04
  9.68737E-04  9.08505E-04  8.68560E-04  8.29485E-04  7.89314E-04  7.48619E-04
  7.07879E-04  6.67497E-04  6.27801E-04  5.89060E-04  5.51486E-04  5.15244E-04
  4.80457E-04  4.47213E-04  4.15569E-04  3.85554E-04  3.57177E-04  3.30429E-04

 jn =   9
  1.34402E-84  1.54458E-67  5.33347E-54  2.92599E-43  9.50844E-35  5.15217E-28
  1.05884E-22  1.60752E-18  3.07497E-15  1.14604E-12  1.18101E-10  4.43411E-09
  7.57464E-08  7.16522E-07  4.14421E-06  1.62594E-05  4.69858E-05  1.06709E-04
  2.00444E-04  3.24165E-04  4.82859E-04  6.81679E-04  8.94043E-04  1.10619E-03
  1.30629E-03  1.48796E-03  1.64489E-03  1.78162E-03  1.89105E-03  1.97873E-03
  2.04595E-03  2.14881E-03  2.21113E-03  2.26291E-03  2.30646E-03  2.30639E-03
  2.31999E-03  2.32649E-03  2.32762E-03  2.32377E-03  2.31572E-03  2.30401E-03
  2.28908E-03  2.16352E-03  2.09307E-03  2.02130E-03  1.94502E-03  1.86543E-03
  1.78358E-03  1.70038E-03  1.61664E-03  1.53304E-03  1.45020E-03  1.36861E-03
  1.28872E-03  1.21090E-03  1.13545E-03  1.06262E-03  9.92596E-04  9.25524E-04

 jn =   10
  4.75401E-84  5.58564E-67  1.97114E-53  1.10359E-42  3.63844E-34  1.96931E-27
  3.95044E-22  5.73920E-18  1.03594E-14  3.61804E-12  3.48271E-10  1.21940E-08
  1.94557E-07  1.73535E-06  9.49220E-06  3.53898E-05  9.78145E-05  2.13990E-04
  3.89932E-04  6.15726E-04  9.09986E-04  1.26775E-03  1.64753E-03  2.02692E-03
  2.38678E-03  2.71726E-03  3.00761E-03  3.26717E-03  3.48135E-03  3.66021E-03
  3.80503E-03  4.04294E-03  4.19928E-03  4.34098E-03  4.47235E-03  4.50103E-03
  4.56976E-03  4.62965E-03  4.67739E-03  4.71500E-03  4.74422E-03  4.76594E-03
  4.78093E-03  4.54282E-03  4.43896E-03  4.32712E-03  4.20370E-03  4.07103E-03
  3.93117E-03  3.78595E-03  3.63696E-03  3.48559E-03  3.33305E-03  3.18038E-03
  3.02847E-03  2.87810E-03  2.72993E-03  2.58451E-03  2.44233E-03  2.30380E-03

 jn =   11
  1.32437E-83  1.59705E-66  5.78046E-53  3.31567E-42  1.11608E-33  6.11314E-27
  1.22453E-21  1.75406E-17  3.08055E-14  1.03017E-11  9.32412E-10  3.02481E-08
  4.44247E-07  3.64081E-06  1.84109E-05  6.41237E-05  1.67622E-04  3.50921E-04
  6.18235E-04  9.51988E-04  1.38828E-03  1.90995E-03  2.46245E-03  3.01685E-03
  3.54835E-03  4.04494E-03  4.49183E-03  4.90373E-03  5.25759E-03  5.56770E-03
  5.83452E-03  6.26920E-03  6.58074E-03  6.87909E-03  7.17069E-03  7.31948E-03
  7.52988E-03  7.74704E-03  7.94274E-03  8.12483E-03  8.29633E-03  8.45745E-03
  8.60827E-03  8.27208E-03  8.19820E-03  8.09907E-03  7.97111E-03  7.81777E-03
  7.64236E-03  7.44803E-03  7.23780E-03  7.01450E-03  6.78079E-03  6.53914E-03
  6.29183E-03  6.04091E-03  5.78827E-03  5.53555E-03  5.28421E-03  5.03551E-03

 jn =   12
  2.72542E-83  3.39852E-66  1.27128E-52  7.52989E-42  2.61228E-33  1.46844E-26
  2.99847E-21  4.33451E-17  7.52583E-14  2.40328E-11  2.00182E-09  5.85814E-08
  7.76711E-07  5.77956E-06  2.70374E-05  8.87218E-05  2.21940E-04  4.50021E-04
  7.74829E-04  1.17390E-03  1.69570E-03  2.31557E-03  2.97218E-03  3.63386E-03
  4.27344E-03  4.87836E-03  5.43187E-03  5.95246E-03  6.41180E-03  6.82694E-03
  7.19766E-03  7.79322E-03  8.24363E-03  8.68835E-03  9.13569E-03  9.44712E-03
  9.83012E-03  1.02549E-02  1.06601E-02  1.10625E-02  1.14679E-02  1.18763E-02
  1.22873E-02  1.19929E-02  1.20947E-02  1.21605E-02  1.21846E-02  1.21691E-02
  1.21157E-02  1.20263E-02  1.19028E-02  1.17473E-02  1.15618E-02  1.13485E-02
  1.11097E-02  1.08478E-02  1.05653E-02  1.02648E-02  9.94887E-03  9.62011E-03

 jn =   13
  4.02987E-83  5.17936E-66  1.99896E-52  1.22259E-41  4.38119E-33  2.54178E-26
  5.34308E-21  7.88499E-17  1.36118E-13  4.12808E-11  3.14288E-09  8.35611E-08
  1.02240E-06  7.12696E-06  3.18387E-05  1.01221E-04  2.47763E-04  4.94985E-04
  8.43588E-04  1.26928E-03  1.82605E-03  2.48616E-03  3.18576E-03  3.89229E-03
  4.57781E-03  5.22974E-03  5.83063E-03  6.40069E-03  6.90946E-03  7.37522E-03
  7.79759E-03  8.47193E-03  8.99342E-03  9.51487E-03  1.00457E-02  1.04561E-02
  1.09424E-02  1.14969E-02  1.20385E-02  1.25912E-02  1.31634E-02  1.37570E-02
  1.43733E-02  1.41708E-02  1.44528E-02  1.47054E-02  1.49222E-02  1.51043E-02
  1.52523E-02  1.53670E-02  1.54489E-02  1.54982E-02  1.55153E-02  1.55004E-02
  1.54538E-02  1.53756E-02  1.52663E-02  1.51261E-02  1.49556E-02  1.47556E-02

 jn =   14
  4.73952E-83  6.19330E-66  2.43351E-52  1.51726E-41  5.54927E-33  3.28959E-26
  7.05994E-21  1.05912E-16  1.82170E-13  5.32653E-11  3.82531E-09  9.63576E-08
  1.13322E-06  7.67791E-06  3.36702E-05  1.05724E-04  2.56819E-04  5.10481E-04
  8.67091E-04  1.30139E-03  1.86980E-03  2.54300E-03  3.25702E-03  3.97871E-03
  4.68045E-03  5.34919E-03  5.96726E-03  6.55544E-03  7.08255E-03  7.56731E-03
  8.00925E-03  8.71307E-03  9.26167E-03  9.81265E-03  1.03759E-02  1.08263E-02
  1.13545E-02  1.19623E-02  1.25612E-02  1.31781E-02  1.38232E-02  1.44996E-02
  1.52098E-02  1.50591E-02  1.54321E-02  1.57830E-02  1.61056E-02  1.64014E-02
  1.66716E-02  1.69171E-02  1.71387E-02  1.73368E-02  1.75119E-02  1.76642E-02
  1.77937E-02  1.79004E-02  1.79841E-02  1.80445E-02  1.80813E-02  1.80940E-02

 jn =   15
  5.01799E-83  6.60031E-66  2.61234E-52  1.64198E-41  6.05150E-33  3.61758E-26
  7.84100E-21  1.18520E-16  2.03112E-13  5.83687E-11  4.09032E-09  1.00716E-07
  1.16829E-06  7.82800E-06  3.41115E-05  1.06754E-04  2.58995E-04  5.14143E-04
  8.72710E-04  1.30967E-03  1.88158E-03  2.55846E-03  3.27734E-03  4.00441E-03
  4.71023E-03  5.38435E-03  6.00687E-03  6.60076E-03  7.13362E-03  7.62526E-03
  8.07430E-03  8.78828E-03  9.34639E-03  9.90769E-03  1.04822E-02  1.09467E-02
  1.14895E-02  1.21160E-02  1.27351E-02  1.33746E-02  1.40457E-02  1.47517E-02
  1.54959E-02  1.53652E-02  1.57723E-02  1.61604E-02  1.65238E-02  1.68643E-02
  1.71833E-02  1.74822E-02  1.77621E-02  1.80240E-02  1.82686E-02  1.84966E-02
  1.87086E-02  1.89049E-02  1.90858E-02  1.92516E-02  1.94022E-02  1.95377E-02

 Continuum n=3 / n=1 (jt,jn)
 jn =   1
  1.22880E-09  5.96713E-10  3.15073E-10  1.80040E-10  1.10354E-10  7.18020E-11
  4.90724E-11  3.48876E-11  2.55822E-11  1.92070E-11  1.46752E-11  1.13548E-11
  8.86129E-12  6.95280E-12  5.47148E-12  4.30986E-12  3.39310E-12  2.66732E-12
  2.09151E-12  1.63516E-12  1.27415E-12  9.89251E-13  7.65227E-13  5.89712E-13
  4.52767E-13  3.46360E-13  2.64028E-13  2.00586E-13  1.51896E-13  1.14673E-13
  8.63202E-14  6.48003E-14  4.85202E-14  3.62426E-14  2.70104E-14  2.00872E-14
  1.49088E-14  1.10448E-14  8.16795E-15  6.03057E-15  4.44567E-15  3.27258E-15
  2.40578E-15  1.76632E-15  1.29528E-15  9.48789E-16  6.94246E-16  5.07482E-16
  3.70609E-16  2.70409E-16  1.97132E-16  1.43596E-16  1.04518E-16  7.60196E-17
  5.52532E-17  4.01330E-17  2.91321E-17  2.11338E-17  1.53227E-17  1.11033E-17

 jn =   2
  9.21089E-09  3.99038E-09  1.88499E-09  9.71730E-10  5.43476E-10  3.26718E-10
  2.08830E-10  1.40410E-10  9.83396E-11  7.11159E-11  5.27066E-11  3.97877E-11
  3.04374E-11  2.35003E-11  1.82542E-11  1.42281E-11  1.11063E-11  8.67009E-12
  6.75982E-12  5.26009E-12  4.08305E-12  3.15990E-12  2.43789E-12  1.87459E-12
  1.43666E-12  1.09736E-12  8.35456E-13  6.34043E-13  4.79716E-13  3.61893E-13
  2.72249E-13  2.04273E-13  1.52887E-13  1.14160E-13  8.50548E-14  6.32386E-14
  4.69268E-14  3.47589E-14  2.57021E-14  1.89745E-14  1.39868E-14  1.02956E-14
  7.56843E-15  5.55668E-15  4.07486E-15  2.98489E-15  2.18418E-15  1.59668E-15
  1.16611E-15  8.50897E-16  6.20369E-16  4.51935E-16  3.28983E-16  2.39308E-16
  1.73958E-16  1.26371E-16  9.17438E-17  6.65653E-17  4.82693E-17  3.49829E-17

 jn =   3
  7.94866E-08  3.09013E-08  1.30188E-08  5.99741E-09  3.01984E-09  1.65305E-09
  9.73693E-10  6.10651E-10  4.03494E-10  2.78034E-10  1.98027E-10  1.44695E-10
  1.07781E-10  8.14250E-11  6.21364E-11  4.77370E-11  3.68266E-11  2.84727E-11
  2.20253E-11  1.70281E-11  1.31474E-11  1.01297E-11  7.78658E-12  5.96895E-12
  4.56292E-12  3.47791E-12  2.64320E-12  2.00304E-12  1.51366E-12  1.14074E-12
  8.57451E-13  6.42917E-13  4.80917E-13  3.58931E-13  2.67320E-13  1.98691E-13
  1.47404E-13  1.09162E-13  8.07064E-14  5.95748E-14  4.39113E-14  3.23211E-14
  2.37589E-14  1.74435E-14  1.27919E-14  9.37046E-15  6.85705E-15  5.01289E-15
  3.66132E-15  2.67182E-15  1.94811E-15  1.41932E-15  1.03328E-15  7.51708E-16
  5.46493E-16  3.97044E-16  2.88286E-16  2.09196E-16  1.51718E-16  1.09973E-16

 jn =   4
  8.10718E-07  2.86603E-07  1.08050E-07  4.42004E-08  1.97587E-08  9.69321E-09
  5.16911E-09  2.97107E-09  1.82295E-09  1.17985E-09  7.97366E-10  5.57669E-10
  4.00553E-10  2.93605E-10  2.18533E-10  1.64473E-10  1.24752E-10  9.51147E-11
  7.27370E-11  5.57044E-11  4.26737E-11  3.26664E-11  2.49754E-11  1.90592E-11
  1.45153E-11  1.10291E-11  8.36035E-12  6.32197E-12  4.76890E-12  3.58871E-12
  2.69424E-12  2.01819E-12  1.50846E-12  1.12512E-12  8.37527E-13  6.22255E-13
  4.61494E-13  3.41685E-13  2.52575E-13  1.86421E-13  1.37398E-13  1.01130E-13
  7.43402E-14  5.45814E-14  4.00287E-14  2.93245E-14  2.14608E-14  1.56908E-14
  1.14616E-14  8.36503E-15  6.10005E-15  4.44487E-15  3.23639E-15  2.35481E-15
  1.71221E-15  1.24416E-15  9.03507E-16  6.55738E-16  4.75647E-16  3.44830E-16

 jn =   5
  1.00830E-05  3.32356E-06  1.13948E-06  4.15227E-07  1.63261E-07  7.07967E-08
  3.35173E-08  1.72630E-08  9.63446E-09  5.74327E-09  3.61581E-09  2.37973E-09
  1.62288E-09  1.13822E-09  8.16237E-10  5.95419E-10  4.39967E-10  3.28199E-10
  2.46464E-10  1.85920E-10  1.40648E-10  1.06547E-10  8.07559E-11  6.11819E-11
  4.63154E-11  3.50144E-11  2.64312E-11  1.99181E-11  1.49822E-11  1.12482E-11
  8.42861E-12  6.30462E-12  4.70673E-12  3.50742E-12  2.60908E-12  1.93737E-12
  1.43630E-12  1.06314E-12  7.85756E-13  5.79915E-13  4.27416E-13  3.14612E-13
  2.31296E-13  1.69845E-13  1.24583E-13  9.12869E-14  6.68226E-14  4.88682E-14
  3.57057E-14  2.60661E-14  1.90133E-14  1.38581E-14  1.00931E-14  7.34582E-15
  5.34271E-15  3.88331E-15  2.82082E-15  2.04782E-15  1.48580E-15  1.07745E-15

 jn =   6
  1.37049E-04  4.41292E-05  1.44100E-05  4.85864E-06  1.72186E-06  6.65710E-07
  2.78612E-07  1.26775E-07  6.33420E-08  3.41834E-08  1.96774E-08  1.19545E-08
  7.59326E-09  5.00049E-09  3.39412E-09  2.36073E-09  1.67427E-09  1.20577E-09
  8.78720E-10  6.46179E-10  4.78388E-10  3.55860E-10  2.65609E-10  1.98653E-10
  1.48762E-10  1.11448E-10  8.34923E-11  6.25246E-11  4.67866E-11  3.49770E-11
  2.61186E-11  1.94904E-11  1.45221E-11  1.08060E-11  8.03020E-12  5.95790E-12
  4.41501E-12  3.26727E-12  2.41477E-12  1.78243E-12  1.31405E-12  9.67595E-13
  7.11664E-13  5.22848E-13  3.83720E-13  2.81326E-13  2.06053E-13  1.50780E-13
  1.10235E-13  8.05233E-14  5.87717E-14  4.28621E-14  3.12358E-14  2.27468E-14
  1.65535E-14  1.20385E-14  8.74945E-15  6.35516E-15  4.61339E-15  3.34712E-15

 jn =   7
  1.57644E-03  5.17160E-04  1.69140E-04  5.56930E-05  1.87404E-05  6.72829E-06
  2.57005E-06  1.05659E-06  4.78953E-07  2.35601E-07  1.24156E-07  6.94133E-08
  4.08051E-08  2.49992E-08  1.58915E-08  1.04188E-08  7.00791E-09  4.81392E-09
  3.36402E-09  2.38370E-09  1.70804E-09  1.23475E-09  8.98892E-10  6.57896E-10
  4.83522E-10  3.56440E-10  2.63355E-10  1.94905E-10  1.44391E-10  1.07039E-10
  7.93688E-11  5.89520E-11  4.37486E-11  3.24574E-11  2.40704E-11  1.78278E-11
  1.32001E-11  9.76545E-12  7.21845E-12  5.33090E-12  3.93323E-12  2.89923E-12
  2.13498E-12  1.57067E-12  1.15441E-12  8.47651E-13  6.21826E-13  4.55744E-13
  3.33722E-13  2.44156E-13  1.78478E-13  1.30359E-13  9.51385E-14  6.93804E-14
  5.05587E-14  3.68168E-14  2.67915E-14  1.94833E-14  1.41596E-14  1.02844E-14

 jn =   8
  1.29414E-02  4.41726E-03  1.48932E-03  4.97549E-04  1.66369E-04  5.80229E-05
  2.10666E-05  8.09309E-06  3.40132E-06  1.54674E-06  7.54293E-07  3.91896E-07
  2.15254E-07  1.23775E-07  7.43317E-08  4.63009E-08  2.97309E-08  1.95766E-08
  1.31596E-08  8.99748E-09  6.23814E-09  4.37464E-09  3.09675E-09  2.20897E-09
  1.58565E-09  1.14404E-09  8.28902E-10  6.02712E-10  4.39455E-10  3.21166E-10
  2.35147E-10  1.72984E-10  1.27265E-10  9.37542E-11  6.91438E-11  5.09487E-11
  3.75963E-11  2.77501E-11  2.04860E-11  1.51230E-11  1.11621E-11  8.23633E-12
  6.07504E-12  4.47874E-12  3.30000E-12  2.42994E-12  1.78804E-12  1.31473E-12
  9.65964E-13  7.09150E-13  5.20187E-13  3.81260E-13  2.79204E-13  2.04297E-13
  1.49363E-13  1.09112E-13  7.96447E-14  5.80899E-14  4.23364E-14  3.08323E-14

 jn =   9
  7.09915E-02  2.54411E-02  8.96603E-03  3.10441E-03  1.06066E-03  3.69645E-04
  1.30522E-04  4.76788E-05  1.87975E-05  7.99304E-06  3.66032E-06  1.79938E-06
  9.42370E-07  5.19773E-07  3.01367E-07  1.82112E-07  1.13839E-07  7.31531E-08
  4.80757E-08  3.21774E-08  2.18593E-08  1.50311E-08  1.04392E-08  7.30962E-09
  5.15300E-09  3.65305E-09  2.60187E-09  1.86073E-09  1.33511E-09  9.60752E-10
  6.93067E-10  5.02826E-10  3.65121E-10  2.65741E-10  1.93836E-10  1.41274E-10
  1.03284E-10  7.56138E-11  5.54283E-11  4.06770E-11  2.98812E-11  2.19696E-11
  1.61644E-11  1.19005E-11  8.76522E-12  6.45811E-12  4.75921E-12  3.50750E-12
  2.58488E-12  1.90464E-12  1.40304E-12  1.03315E-12  7.60431E-13  5.59396E-13
  4.11256E-13  3.02142E-13  2.21816E-13  1.62720E-13  1.19272E-13  8.73536E-14

 jn =   10
  2.72666E-01  1.02331E-01  3.76277E-02  1.35313E-02  4.75784E-03  1.67636E-03
  5.84444E-04  2.06968E-04  7.83906E-05  3.20428E-05  1.41836E-05  6.78100E-06
  3.47119E-06  1.87934E-06  1.07297E-06  6.39742E-07  3.95085E-07  2.51038E-07
  1.63226E-07  1.08126E-07  7.27122E-08  4.94979E-08  3.40317E-08  2.35884E-08
  1.64588E-08  1.15470E-08  8.13787E-09  5.75752E-09  4.08637E-09  2.90832E-09
  2.07477E-09  1.48707E-09  1.06709E-09  7.67433E-10  5.53137E-10  3.98485E-10
  2.87949E-10  2.08433E-10  1.51102E-10  1.09701E-10  7.97586E-11  5.80690E-11
  4.23340E-11  3.09038E-11  2.25867E-11  1.65272E-11  1.21066E-11  8.87751E-12
  6.51590E-12  4.78669E-12  3.51913E-12  2.58900E-12  1.90582E-12  1.40358E-12
  1.03407E-12  7.62031E-13  5.61632E-13  4.13941E-13  3.05057E-13  2.24766E-13

 jn =   11
  8.22545E-01  3.24432E-01  1.24309E-01  4.62657E-02  1.67130E-02  5.98163E-03
  2.08950E-03  7.34765E-04  2.75557E-04  1.11671E-04  4.90685E-05  2.32796E-05
  1.18192E-05  6.35489E-06  3.60223E-06  2.13253E-06  1.30806E-06  8.25860E-07
  5.33773E-07  3.51582E-07  2.35129E-07  1.59193E-07  1.08856E-07  7.50350E-08
  5.20587E-08  3.63090E-08  2.54335E-08  1.78795E-08  1.26060E-08  8.90996E-09
  6.31079E-09  4.48413E-09  3.19022E-09  2.27367E-09  1.62323E-09  1.15927E-09
  8.29639E-10  5.94691E-10  4.26822E-10  3.06746E-10  2.20748E-10  1.59073E-10
  1.14782E-10  8.29417E-11  6.00091E-11  4.34739E-11  3.15356E-11  2.29048E-11
  1.66569E-11  1.21281E-11  8.84116E-12  6.45254E-12  4.71457E-12  3.44847E-12
  2.52502E-12  1.85070E-12  1.35775E-12  9.96995E-13  7.32699E-13  5.38876E-13

 jn =   12
  2.16525E+00  8.92316E-01  3.58603E-01  1.38226E-01  5.14668E-02  1.88247E-02
  6.67227E-03  2.37532E-03  9.03093E-04  3.70629E-04  1.63790E-04  7.75110E-05
  3.90869E-05  2.08845E-05  1.17630E-05  6.92485E-06  4.22780E-06  2.65891E-06
  1.71283E-06  1.12489E-06  7.50256E-07  5.06633E-07  3.45542E-07  2.37558E-07
  1.64366E-07  1.14310E-07  7.98272E-08  5.59337E-08  3.92981E-08  2.76717E-08
  1.95206E-08  1.37991E-08  9.76607E-09  6.92049E-09  4.90977E-09  3.48554E-09
  2.47736E-09  1.76274E-09  1.25536E-09  8.94849E-10  6.38486E-10  4.56018E-10
  3.26029E-10  2.33368E-10  1.67214E-10  1.19949E-10  8.61452E-11  6.19427E-11
  4.45949E-11  3.21460E-11  2.32018E-11  1.67678E-11  1.21336E-11  8.79148E-12
  6.37804E-12  4.63296E-12  3.36950E-12  2.45356E-12  1.78869E-12  1.30548E-12

 jn =   13
  4.88870E+00  2.16049E+00  9.34938E-01  3.76958E-01  1.45636E-01  5.50373E-02
  2.00214E-02  7.31364E-03  2.86023E-03  1.19931E-03  5.33374E-04  2.51350E-04
  1.25949E-04  6.69915E-05  3.76041E-05  2.20846E-05  1.34605E-05  8.45474E-06
  5.44080E-06  3.56995E-06  2.37893E-06  1.60506E-06  1.09374E-06  7.51232E-07
  5.19255E-07  3.60728E-07  2.51611E-07  1.76069E-07  1.23526E-07  8.68442E-08
  6.11577E-08  4.31344E-08  3.04557E-08  2.15247E-08  1.52253E-08  1.07760E-08
  7.63222E-09  5.40905E-09  3.83545E-09  2.72106E-09  1.93147E-09  1.37173E-09
  9.74729E-10  6.93104E-10  4.93114E-10  3.51058E-10  2.50099E-10  1.78307E-10
  1.27224E-10  9.08530E-11  6.49387E-11  4.64609E-11  3.32749E-11  2.38569E-11
  1.71240E-11  1.23058E-11  8.85419E-12  6.37881E-12  4.60146E-12  3.32374E-12

 jn =   14
  9.15993E+00  4.46532E+00  2.19690E+00  9.38575E-01  3.81294E-01  1.50115E-01
  5.68247E-02  2.14795E-02  8.68494E-03  3.72549E-03  1.67124E-03  7.88877E-04
  3.95622E-04  2.10715E-04  1.18442E-04  6.96444E-05  4.24890E-05  2.67070E-05
  1.71948E-05  1.12856E-05  7.52150E-06  5.07482E-06  3.45786E-06  2.37464E-06
  1.64099E-06  1.13966E-06  7.94643E-07  5.55833E-07  3.89776E-07  2.73882E-07
  1.92758E-07  1.35843E-07  9.58322E-08  6.76640E-08  4.78087E-08  3.37983E-08
  2.39054E-08  1.69153E-08  1.19734E-08  8.47788E-09  6.00459E-09  4.25401E-09
  3.01458E-09  2.13706E-09  1.51530E-09  1.07474E-09  7.62502E-10  5.41154E-10
  3.84197E-10  2.72868E-10  1.93880E-10  1.37819E-10  9.80179E-11  6.97489E-11
  4.96625E-11  3.53836E-11  2.52280E-11  1.80010E-11  1.28550E-11  9.18830E-12

 jn =   15
  1.57231E+01  8.31557E+00  4.17893E+00  1.97722E+00  9.15943E-01  3.80513E-01
  1.50522E-01  5.94129E-02  2.49763E-02  1.10109E-02  5.02519E-03  2.40069E-03
  1.21522E-03  6.52153E-04  3.68709E-04  2.17755E-04  1.33281E-04  8.39733E-05
  5.41562E-05  3.55873E-05  2.37376E-05  1.60251E-05  1.09232E-05  7.50309E-06
  5.18563E-06  3.60158E-06  2.51121E-06  1.75642E-06  1.23156E-06  8.65250E-07
  6.08858E-07  4.28974E-07  3.02545E-07  2.13550E-07  1.50831E-07  1.06588E-07
  7.53549E-08  5.32920E-08  3.76995E-08  2.66754E-08  1.88788E-08  1.33632E-08
  9.46047E-09  6.69916E-09  4.74417E-09  3.36013E-09  2.38018E-09  1.68626E-09
  1.19481E-09  8.46714E-10  6.00130E-10  4.25432E-10  3.01646E-10  2.13923E-10
  1.51746E-10  1.07668E-10  7.64156E-11  5.42517E-11  3.85297E-11  2.73744E-11

 Neutral n=2 / n=1 (jt,jn)
 jn =   1
  8.46420E-76  2.10374E-61  5.58965E-50  6.48365E-41  1.00386E-33  5.04074E-28
  1.66168E-23  6.29701E-20  4.28132E-17  7.43919E-15  4.37615E-13  1.08966E-11
  1.37128E-10  1.00381E-09  4.77792E-09  1.61519E-08  4.15912E-08  8.62387E-08
  1.50492E-07  2.28926E-07  3.31018E-07  4.46452E-07  5.62111E-07  6.69822E-07
  7.63971E-07  8.41529E-07  9.01643E-07  9.45015E-07  9.73291E-07  9.88568E-07
  9.93047E-07  9.88823E-07  9.77768E-07  9.61488E-07  9.41323E-07  9.18359E-07
  8.93466E-07  8.67328E-07  8.40477E-07  8.13320E-07  7.86168E-07  7.59252E-07
  7.32744E-07  6.66474E-07  6.26529E-07  5.88188E-07  5.50699E-07  5.14348E-07
  4.79346E-07  4.45840E-07  4.13927E-07  3.83663E-07  3.55072E-07  3.28151E-07
  3.02878E-07  2.79215E-07  2.57113E-07  2.36512E-07  2.17348E-07  1.99553E-07

 jn =   2
  2.67659E-75  6.65255E-61  1.76759E-49  2.05030E-40  3.17446E-33  1.59401E-27
  5.25467E-23  1.99128E-19  1.35387E-16  2.35245E-14  1.38382E-12  3.44558E-11
  4.33571E-10  3.17341E-09  1.51020E-08  5.10412E-08  1.31398E-07  2.72382E-07
  4.75204E-07  7.22710E-07  1.04491E-06  1.40915E-06  1.77399E-06  2.11373E-06
  2.41067E-06  2.65528E-06  2.84488E-06  2.98169E-06  3.07091E-06  3.11914E-06
  3.13333E-06  3.12008E-06  3.08528E-06  3.03401E-06  2.97048E-06  2.89813E-06
  2.81968E-06  2.73730E-06  2.65266E-06  2.56705E-06  2.48146E-06  2.39660E-06
  2.31302E-06  2.10370E-06  1.97782E-06  1.85686E-06  1.73858E-06  1.62388E-06
  1.51344E-06  1.40772E-06  1.30701E-06  1.21151E-06  1.12128E-06  1.03631E-06
  9.56547E-07  8.81859E-07  8.12092E-07  7.47062E-07  6.86566E-07  6.30389E-07

 jn =   3
  8.46393E-75  2.10368E-60  5.58951E-49  6.48350E-40  1.00384E-32  5.04065E-27
  1.66165E-22  6.29691E-19  4.28125E-16  7.43895E-14  4.37581E-12  1.08946E-10
  1.37074E-09  1.00307E-08  4.77225E-08  1.61238E-07  4.14936E-07  8.59826E-07
  1.49954E-06  2.27984E-06  3.29581E-06  4.44396E-06  5.59354E-06  6.66399E-06
  7.59941E-06  8.37010E-06  8.96748E-06  9.39867E-06  9.67999E-06  9.83226E-06
  9.87733E-06  9.83597E-06  9.72676E-06  9.56564E-06  9.36588E-06  9.13830E-06
  8.89148E-06  8.63224E-06  8.36585E-06  8.09637E-06  7.82688E-06  7.55968E-06
  7.29648E-06  6.63562E-06  6.23943E-06  5.85812E-06  5.48524E-06  5.12364E-06
  4.77542E-06  4.44204E-06  4.12447E-06  3.82328E-06  3.53870E-06  3.27073E-06
  3.01913E-06  2.78353E-06  2.56345E-06  2.35829E-06  2.16744E-06  1.99019E-06

 jn =   4
  2.67632E-74  6.65194E-60  1.76745E-48  2.05015E-39  3.17426E-32  1.59392E-26
  5.25440E-22  1.99118E-18  1.35380E-15  2.35227E-13  1.38360E-11  3.44440E-10
  4.33279E-09  3.16963E-08  1.50736E-07  5.09032E-07  1.30925E-06  2.71155E-06
  4.72652E-06  7.18263E-06  1.03815E-05  1.39946E-05  1.76103E-05  2.09767E-05
  2.39179E-05  2.63419E-05  2.82208E-05  2.95779E-05  3.04640E-05  3.09447E-05
  3.10885E-05  3.09608E-05  3.06197E-05  3.01153E-05  2.94893E-05  2.87758E-05
  2.80015E-05  2.71880E-05  2.63518E-05  2.55056E-05  2.46592E-05  2.38198E-05
  2.29927E-05  2.09081E-05  1.96639E-05  1.84637E-05  1.72899E-05  1.61514E-05
  1.50549E-05  1.40049E-05  1.30047E-05  1.20559E-05  1.11593E-05  1.03150E-05
  9.52216E-06  8.77968E-06  8.08602E-06  7.43937E-06  6.83772E-06  6.27894E-06

 jn =   5
  8.46116E-74  2.10306E-59  5.58806E-48  6.48200E-39  1.00363E-31  5.03972E-26
  1.66138E-21  6.29594E-18  4.28057E-15  7.43738E-13  4.37421E-11  1.08870E-09
  1.36900E-08  1.00094E-07  4.75675E-07  1.60504E-06  4.12465E-06  8.53510E-06
  1.48657E-05  2.25745E-05  3.26189E-05  4.39541E-05  5.52901E-05  6.58412E-05
  7.50585E-05  8.26579E-05  8.85489E-05  9.28112E-05  9.55972E-05  9.71154E-05
  9.75788E-05  9.71926E-05  9.61373E-05  9.45699E-05  9.26206E-05  9.03975E-05
  8.79817E-05  8.54423E-05  8.28302E-05  8.01855E-05  7.75388E-05  7.49128E-05
  7.23245E-05  6.57598E-05  6.18674E-05  5.81001E-05  5.44144E-05  5.08387E-05
  4.73937E-05  4.40944E-05  4.09504E-05  3.79675E-05  3.51483E-05  3.24927E-05
  2.99986E-05  2.76625E-05  2.54796E-05  2.34443E-05  2.15504E-05  1.97912E-05

 jn =   6
  2.67355E-73  6.64581E-59  1.76600E-47  2.04865E-38  3.17218E-31  1.59299E-25
  5.25165E-21  1.99022E-17  1.35313E-14  2.35084E-12  1.38231E-10  3.43891E-09
  4.32118E-08  3.15613E-07  1.49794E-06  5.04696E-06  1.29500E-05  2.67576E-05
  4.65409E-05  7.05917E-05  1.01948E-04  1.37283E-04  1.72593E-04  2.05447E-04
  2.34149E-04  2.57824E-04  2.76190E-04  2.89519E-04  2.98253E-04  3.03053E-04
  3.04574E-04  3.03472E-04  3.00276E-04  2.95482E-04  2.89494E-04  2.82662E-04
  2.75212E-04  2.67375E-04  2.59299E-04  2.51113E-04  2.42913E-04  2.34769E-04
  2.26735E-04  2.06140E-04  1.94048E-04  1.82285E-04  1.70769E-04  1.59591E-04
  1.48816E-04  1.38491E-04  1.28648E-04  1.19305E-04  1.10470E-04  1.02146E-04
  9.43247E-05  8.69964E-05  8.01466E-05  7.37579E-05  6.78111E-05  6.22858E-05

 jn =   7
  8.43356E-73  2.09695E-58  5.57357E-47  6.46701E-38  1.00156E-30  5.03045E-25
  1.65864E-20  6.28636E-17  4.27401E-14  7.42378E-12  4.36270E-10  1.08419E-08
  1.36010E-07  9.91123E-07  4.69101E-06  1.57574E-05  4.03078E-05  8.30431E-05
  1.44066E-04  2.18033E-04  3.14528E-04  4.23008E-04  5.31321E-04  6.32096E-04
  7.20204E-04  7.92984E-04  8.49602E-04  8.90904E-04  9.18177E-04  9.33446E-04
  9.38683E-04  9.36095E-04  9.26950E-04  9.12869E-04  8.95081E-04  8.74817E-04
  8.52489E-04  8.28970E-04  8.04624E-04  7.79869E-04  7.55008E-04  7.30261E-04
  7.05796E-04  6.41816E-04  6.04764E-04  5.68466E-04  5.32879E-04  4.98288E-04
  4.64903E-04  4.32877E-04  4.02313E-04  3.73274E-04  3.45792E-04  3.19873E-04
  2.95503E-04  2.72651E-04  2.51277E-04  2.31328E-04  2.12748E-04  1.95475E-04

 jn =   8
  2.64619E-72  6.58512E-58  1.75161E-46  2.03376E-37  3.15161E-30  1.58377E-24
  5.22437E-20  1.98069E-16  1.34663E-13  2.33749E-11  1.37135E-09  3.39802E-08
  4.24498E-07  3.07584E-06  1.44622E-05  4.82384E-05  1.22541E-04  2.50845E-04
  4.32737E-04  6.51881E-04  9.37689E-04  1.25783E-03  1.57720E-03  1.87461E-03
  2.13537E-03  2.35180E-03  2.52152E-03  2.64686E-03  2.73141E-03  2.78090E-03
  2.80092E-03  2.79895E-03  2.77687E-03  2.73996E-03  2.69178E-03  2.63786E-03
  2.57612E-03  2.51103E-03  2.44267E-03  2.37255E-03  2.30163E-03  2.23058E-03
  2.15991E-03  1.96662E-03  1.85672E-03  1.74807E-03  1.64111E-03  1.53677E-03
  1.43574E-03  1.33853E-03  1.24550E-03  1.15690E-03  1.07285E-03  9.93418E-04
  9.18586E-04  8.48293E-04  7.82433E-04  7.20874E-04  6.63457E-04  6.10007E-04

 jn =   9
  8.16718E-72  2.03769E-57  5.43271E-46  6.32091E-37  9.81339E-30  4.93965E-24
  1.63175E-19  6.19248E-16  4.20988E-13  7.29225E-11  4.25665E-09  1.04603E-07
  1.29217E-06  9.22441E-06  4.26516E-05  1.39820E-04  3.49348E-04  7.04559E-04
  1.20018E-03  1.78971E-03  2.55602E-03  3.41031E-03  4.26222E-03  5.05852E-03
  5.76246E-03  6.35457E-03  6.82838E-03  7.18909E-03  7.44479E-03  7.60918E-03
  7.69574E-03  7.72591E-03  7.69981E-03  7.63226E-03  7.53234E-03  7.43346E-03
  7.29892E-03  7.15777E-03  7.00195E-03  6.83778E-03  6.66826E-03  6.49519E-03
  6.32007E-03  5.77885E-03  5.48100E-03  5.18193E-03  4.88426E-03  4.59097E-03
  4.30440E-03  4.02641E-03  3.75837E-03  3.50132E-03  3.25594E-03  3.02267E-03
  2.80173E-03  2.59316E-03  2.39685E-03  2.21259E-03  2.04006E-03  1.87888E-03

 jn =   10
  2.40052E-71  6.03407E-57  1.61964E-45  1.89594E-36  2.95969E-29  1.49715E-23
  4.96686E-19  1.89053E-15  1.28495E-12  2.21164E-10  1.27205E-08  3.05415E-07
  3.66153E-06  2.51624E-05  1.11735E-04  3.52102E-04  8.48885E-04  1.66061E-03
  2.75963E-03  4.03739E-03  5.68707E-03  7.51649E-03  9.34320E-03  1.10658E-02
  1.26147E-02  1.39521E-02  1.50637E-02  1.59574E-02  1.66447E-02  1.71490E-02
  1.74933E-02  1.77251E-02  1.78307E-02  1.78421E-02  1.77764E-02  1.78161E-02
  1.77022E-02  1.75962E-02  1.74320E-02  1.72355E-02  1.70142E-02  1.67712E-02
  1.65092E-02  1.52627E-02  1.46345E-02  1.39802E-02  1.33084E-02  1.26280E-02
  1.19465E-02  1.12704E-02  1.06051E-02  9.95493E-03  9.32356E-03  8.71381E-03
  8.12783E-03  7.56719E-03  7.03297E-03  6.52577E-03  6.04584E-03  5.59311E-03

 jn =   11
  6.20673E-71  1.58873E-56  4.33674E-45  5.15603E-36  8.16483E-29  4.18456E-23
  1.40442E-18  5.38935E-15  3.66046E-12  6.19199E-10  3.42670E-08  7.77551E-07
  8.72168E-06  5.55377E-05  2.29419E-04  6.78550E-04  1.55288E-03  2.91562E-03
  4.69636E-03  6.71547E-03  9.30805E-03  1.21730E-02  1.50424E-02  1.77786E-02
  2.02872E-02  2.25174E-02  2.44475E-02  2.60866E-02  2.74452E-02  2.85519E-02
  2.94336E-02  3.01697E-02  3.07130E-02  3.11133E-02  3.13923E-02  3.21395E-02
  3.24766E-02  3.29280E-02  3.32517E-02  3.35203E-02  3.37484E-02  3.39349E-02
  3.40784E-02  3.21433E-02  3.14404E-02  3.06311E-02  2.97291E-02  2.87494E-02
  2.77060E-02  2.66124E-02  2.54811E-02  2.43238E-02  2.31514E-02  2.19739E-02
  2.08003E-02  1.96388E-02  1.84964E-02  1.73795E-02  1.62933E-02  1.52422E-02

 jn =   12
  1.24484E-70  3.28509E-56  9.23700E-45  1.13011E-35  1.83951E-28  9.67839E-23
  3.32751E-18  1.29942E-14  8.81194E-12  1.43695E-09  7.37870E-08  1.52103E-06
  1.54908E-05  8.98218E-05  3.43968E-04  9.59983E-04  2.10491E-03  3.83149E-03
  6.03661E-03  8.49949E-03  1.16569E-02  1.51426E-02  1.86432E-02  2.20065E-02
  2.51289E-02  2.79551E-02  3.04609E-02  3.26576E-02  3.45536E-02  3.61803E-02
  3.75657E-02  3.88138E-02  3.98461E-02  4.07251E-02  4.14736E-02  4.31528E-02
  4.41862E-02  4.55264E-02  4.67211E-02  4.79024E-02  4.90973E-02  5.03028E-02
  5.15146E-02  4.96000E-02  4.95555E-02  4.93478E-02  4.89833E-02  4.84708E-02
  4.78189E-02  4.70359E-02  4.61305E-02  4.51115E-02  4.39880E-02  4.27698E-02
  4.14668E-02  4.00894E-02  3.86482E-02  3.71544E-02  3.56188E-02  3.40527E-02

 jn =   13
  1.82530E-70  4.95974E-56  1.43726E-44  1.81365E-35  3.04669E-28  1.65490E-22
  5.86876E-18  2.34644E-14  1.58771E-11  2.46695E-09  1.16111E-07  2.17949E-06
  2.05204E-05  1.11557E-04  4.08231E-04  1.10428E-03  2.37009E-03  4.25166E-03
  6.63188E-03  9.27475E-03  1.26629E-02  1.64030E-02  2.01647E-02  2.37910E-02
  2.71757E-02  3.02626E-02  3.30273E-02  3.54820E-02  3.76351E-02  3.95192E-02
  4.11628E-02  4.26828E-02  4.39848E-02  4.51382E-02  4.61664E-02  4.84038E-02
  4.98805E-02  5.18028E-02  5.35973E-02  5.54366E-02  5.73622E-02  5.93773E-02
  6.14838E-02  5.99141E-02  6.06310E-02  6.12074E-02  6.16467E-02  6.19535E-02
  6.21316E-02  6.21836E-02  6.21117E-02  6.19175E-02  6.16023E-02  6.11671E-02
  6.06130E-02  5.99412E-02  5.91532E-02  5.82508E-02  5.72365E-02  5.61134E-02

 jn =   14
  2.14100E-70  5.91293E-56  1.74386E-44  2.24259E-35  3.84451E-28  2.13395E-22
  7.73729E-18  3.14856E-14  2.12653E-11  3.18882E-09  1.41748E-07  2.52298E-06
  2.28446E-05  1.20682E-04  4.33463E-04  1.15822E-03  2.46640E-03  4.40134E-03
  6.84149E-03  9.54454E-03  1.30112E-02  1.68371E-02  2.06882E-02  2.44053E-02
  2.78829E-02  3.10632E-02  3.39216E-02  3.64710E-02  3.87196E-02  4.07005E-02
  4.24425E-02  4.40671E-02  4.54745E-02  4.67365E-02  4.78768E-02  5.03387E-02
  5.19979E-02  5.41629E-02  5.62128E-02  5.83380E-02  6.05880E-02  6.29706E-02
  6.54935E-02  6.41339E-02  6.52454E-02  6.62460E-02  6.71406E-02  6.79354E-02
  6.86353E-02  6.92443E-02  6.97653E-02  7.02004E-02  7.05509E-02  7.08176E-02
  7.10004E-02  7.10989E-02  7.11122E-02  7.10389E-02  7.08775E-02  7.06260E-02

 jn =   15
  2.26487E-70  6.29554E-56  1.87001E-44  2.42387E-35  4.19162E-28  2.34896E-22
  8.60330E-18  3.52979E-14  2.38103E-11  3.51084E-09  1.52228E-07  2.65124E-06
  2.36584E-05  1.23646E-04  4.41194E-04  1.17425E-03  2.49508E-03  4.44544E-03
  6.90321E-03  9.62583E-03  1.31174E-02  1.69701E-02  2.08512E-02  2.45995E-02
  2.81043E-02  3.13150E-02  3.42013E-02  3.67816E-02  3.90612E-02  4.10761E-02
  4.28527E-02  4.45140E-02  4.59584E-02  4.72584E-02  4.84381E-02  5.09774E-02
  5.27005E-02  5.49502E-02  5.70900E-02  5.93164E-02  6.16819E-02  6.41966E-02
  6.68704E-02  6.55930E-02  6.68529E-02  6.80155E-02  6.90869E-02  7.00745E-02
  7.09849E-02  7.18234E-02  7.25946E-02  7.33021E-02  7.39492E-02  7.45382E-02
  7.50709E-02  7.55488E-02  7.59728E-02  7.63433E-02  7.66603E-02  7.69235E-02

 Continuum n=2 / n=1 (jt,jn)
 jn =   1
  5.76221E-10  2.81357E-10  1.49512E-10  8.60758E-11  5.32204E-11  3.49745E-11
  2.41739E-11  1.74037E-11  1.29394E-11  9.86245E-12  7.65927E-12  6.03060E-12
  4.79418E-12  3.83537E-12  3.07951E-12  2.47629E-12  1.99083E-12  1.59836E-12
  1.28000E-12  1.02174E-12  8.12527E-13  6.43457E-13  5.07335E-13  3.98197E-13
  3.11114E-13  2.41976E-13  1.87370E-13  1.44464E-13  1.10923E-13  8.48339E-14
  6.46376E-14  4.90747E-14  3.71344E-14  2.80108E-14  2.10665E-14  1.58000E-14
  1.18195E-14  8.82036E-15  6.56739E-15  4.87958E-15  3.61838E-15  2.67821E-15
  1.97891E-15  1.45984E-15  1.07530E-15  7.90928E-16  5.80989E-16  4.26242E-16
  3.12345E-16  2.28630E-16  1.67178E-16  1.22124E-16  8.91283E-17  6.49905E-17
  4.73504E-17  3.44710E-17  2.50761E-17  1.82287E-17  1.32421E-17  9.61349E-18

 jn =   2
  4.19643E-09  1.83068E-09  8.71321E-10  4.53008E-10  2.55835E-10  1.55500E-10
  1.00637E-10  6.86115E-11  4.87907E-11  3.58728E-11  2.70647E-11  2.08225E-11
  1.62514E-11  1.28124E-11  1.01687E-11  8.10188E-12  6.46611E-12  5.16120E-12
  4.11399E-12  3.27164E-12  2.59398E-12  2.04922E-12  1.61258E-12  1.26368E-12
  9.86067E-13  7.66149E-13  5.92759E-13  4.56713E-13  3.50483E-13  2.67928E-13
  2.04068E-13  1.54889E-13  1.17174E-13  8.83684E-14  6.64500E-14  4.98316E-14
  3.72736E-14  2.78136E-14  2.07080E-14  1.53854E-14  1.14085E-14  8.44408E-15
  6.23924E-15  4.60271E-15  3.39034E-15  2.49380E-15  1.83191E-15  1.34403E-15
  9.84931E-16  7.20984E-16  5.27224E-16  3.85160E-16  2.81116E-16  2.04998E-16
  1.49367E-16  1.08748E-16  7.91153E-17  5.75167E-17  4.17864E-17  3.03386E-17

 jn =   3
  3.42472E-08  1.34650E-08  5.73668E-09  2.67399E-09  1.36364E-09  7.56632E-10
  4.52424E-10  2.88458E-10  1.94001E-10  1.36252E-10  9.90408E-11  7.39436E-11
  5.63366E-11  4.35679E-11  3.40511E-11  2.68004E-11  2.11822E-11  1.67766E-11
  1.32901E-11  1.05166E-11  8.30519E-12  6.53989E-12  5.13309E-12  4.01397E-12
  3.12685E-12  2.42613E-12  1.87497E-12  1.44334E-12  1.10681E-12  8.45607E-13
  6.43750E-13  4.88419E-13  3.69377E-13  2.78501E-13  2.09381E-13  1.56993E-13
  1.17415E-13  8.76073E-14  6.52217E-14  4.84555E-14  3.59293E-14  2.65929E-14
  1.96491E-14  1.44954E-14  1.06774E-14  7.85404E-15  5.76965E-15  4.23320E-15
  3.10230E-15  2.27103E-15  1.66079E-15  1.21334E-15  8.85633E-16  6.45870E-16
  4.70629E-16  3.42668E-16  2.49314E-16  1.81265E-16  1.31701E-16  9.56283E-17

 jn =   4
  3.07782E-07  1.11228E-07  4.28393E-08  1.79036E-08  8.17961E-09  4.09782E-09
  2.23427E-09  1.31448E-09  8.25532E-10  5.47486E-10  3.79573E-10  2.72640E-10
  2.01307E-10  1.51793E-10  1.16249E-10  9.00176E-11  7.02259E-11  5.50415E-11
  4.32405E-11  3.39886E-11  2.66974E-11  2.09319E-11  1.63718E-11  1.27659E-11
  9.92163E-12  7.68373E-12  5.92917E-12  4.55863E-12  3.49227E-12  2.66596E-12
  2.02825E-12  1.53806E-12  1.16271E-12  8.76365E-13  6.58697E-13  4.93792E-13
  3.69253E-13  2.75483E-13  2.05076E-13  1.52351E-13  1.12965E-13  8.36102E-14
  6.17793E-14  4.55765E-14  3.35733E-14  2.46969E-14  1.81436E-14  1.33128E-14
  9.75693E-15  7.14304E-15  5.22405E-15  3.81689E-15  2.78620E-15  2.03207E-15
  1.48084E-15  1.07830E-15  7.84602E-16  5.70497E-16  4.14540E-16  3.01025E-16

 jn =   5
  2.97602E-06  1.01533E-06  3.60655E-07  1.36367E-07  5.57232E-08  2.50735E-08
  1.23388E-08  6.61330E-09  3.82687E-09  2.36563E-09  1.54580E-09  1.05698E-09
  7.49446E-10  5.46735E-10  4.07620E-10  3.08859E-10  2.36764E-10  1.82962E-10
  1.42108E-10  1.10683E-10  8.62978E-11  6.72593E-11  5.23531E-11  4.06631E-11
  3.15031E-11  2.43341E-11  1.87380E-11  1.43822E-11  1.10028E-11  8.39009E-12
  6.37746E-12  4.83274E-12  3.65131E-12  2.75089E-12  2.06694E-12  1.54911E-12
  1.15820E-12  8.63976E-13  6.43119E-13  4.77758E-13  3.54247E-13  2.62201E-13
  1.93749E-13  1.42944E-13  1.05307E-13  7.74723E-14  5.69211E-14  4.17705E-14
  3.06172E-14  2.24176E-14  1.63972E-14  1.19820E-14  8.74761E-15  6.38078E-15
  4.65052E-15  3.38680E-15  2.46466E-15  1.79233E-15  1.30253E-15  9.45975E-16

 jn =   6
  3.06179E-05  1.01040E-05  3.39650E-06  1.18528E-06  4.37432E-07  1.76755E-07
  7.78221E-08  3.74632E-08  1.96923E-08  1.11907E-08  6.80219E-09  4.37431E-09
  2.94603E-09  2.05967E-09  1.48266E-09  1.09156E-09  8.17283E-10  6.19529E-10
  4.73713E-10  3.64293E-10  2.81111E-10  2.17266E-10  1.67967E-10  1.29744E-10
  1.00067E-10  7.70134E-11  5.91266E-11  4.52732E-11  3.45676E-11  2.63181E-11
  1.99797E-11  1.51258E-11  1.14193E-11  8.59827E-12  6.45767E-12  4.83843E-12
  3.61674E-12  2.69768E-12  2.00798E-12  1.49170E-12  1.10613E-12  8.18795E-13
  6.05113E-13  4.46510E-13  3.29000E-13  2.42085E-13  1.77903E-13  1.30578E-13
  9.57329E-14  7.01105E-14  5.12933E-14  3.74903E-14  2.73766E-14  1.99739E-14
  1.45610E-14  1.06066E-14  7.72041E-15  5.61561E-15  4.08188E-15  2.96514E-15

 jn =   7
  3.39649E-04  1.10070E-04  3.57654E-05  1.17806E-05  3.99886E-06  1.46076E-06
  5.74239E-07  2.45910E-07  1.16212E-07  5.99761E-08  3.34340E-08  1.99186E-08
  1.25570E-08  8.30550E-09  5.70546E-09  4.03894E-09  2.92660E-09  2.15887E-09
  1.61401E-09  1.21842E-09  9.26006E-10  7.06858E-10  5.40956E-10  4.14435E-10
  3.17510E-10  2.43046E-10  1.85783E-10  1.41753E-10  1.07926E-10  8.19827E-11
  6.21252E-11  4.69725E-11  3.54259E-11  2.66538E-11  2.00074E-11  1.49869E-11
  1.12009E-11  8.35463E-12  6.21919E-12  4.62089E-12  3.42726E-12  2.53769E-12
  1.87603E-12  1.38481E-12  1.02075E-12  7.51391E-13  5.52407E-13  4.05630E-13
  2.97513E-13  2.17978E-13  1.59543E-13  1.16660E-13  8.52245E-14  6.22055E-14
  4.53663E-14  3.30593E-14  2.40729E-14  1.75167E-14  1.27373E-14  9.25597E-15

 jn =   8
  4.05713E-03  1.30956E-03  4.19507E-04  1.33913E-04  4.30914E-05  1.45871E-05
  5.19850E-06  1.98603E-06  8.36565E-07  3.85526E-07  1.92909E-07  1.04070E-07
  6.01028E-08  3.69766E-08  2.38624E-08  1.60100E-08  1.10791E-08  7.85839E-09
  5.68318E-09  4.17216E-09  3.09768E-09  2.31922E-09  1.74678E-09  1.32086E-09
  1.00123E-09  7.59844E-10  5.76800E-10  4.37663E-10  3.31751E-10  2.51125E-10
  1.89778E-10  1.43225E-10  1.07863E-10  8.10744E-11  6.08202E-11  4.55649E-11
  3.40583E-11  2.54164E-11  1.89310E-11  1.40757E-11  1.04482E-11  7.74305E-12
  5.72947E-12  4.23341E-12  3.12354E-12  2.30155E-12  1.69372E-12  1.24490E-12
  9.13956E-13  6.70254E-13  4.91020E-13  3.59359E-13  2.62752E-13  1.91943E-13
  1.40097E-13  1.02171E-13  7.44548E-14  5.42168E-14  3.94519E-14  2.86885E-14

 jn =   9
  4.69329E-02  1.54304E-02  5.00098E-03  1.59742E-03  5.05682E-04  1.64227E-04
  5.44574E-05  1.88551E-05  7.09727E-06  2.90680E-06  1.29467E-06  6.25422E-07
  3.26700E-07  1.85160E-07  1.10897E-07  6.95351E-08  4.52626E-08  3.03959E-08
  2.09466E-08  1.47442E-08  1.05565E-08  7.66282E-09  5.62293E-09  4.16053E-09
  3.09767E-09  2.31666E-09  1.73786E-09  1.30619E-09  9.82695E-10  7.39523E-10
  5.56362E-10  4.18542E-10  3.14471E-10  2.36005E-10  1.76889E-10  1.32675E-10
  9.92445E-11  7.41831E-11  5.53496E-11  4.12343E-11  3.06734E-11  2.27839E-11
  1.68993E-11  1.25180E-11  9.25924E-12  6.83966E-12  5.04580E-12  3.71777E-12
  2.73596E-12  2.01109E-12  1.47662E-12  1.08303E-12  7.93537E-13  5.80850E-13
  4.24766E-13  3.10344E-13  2.26548E-13  1.65241E-13  1.20429E-13  8.77032E-14

 jn =   10
  4.56247E-01  1.55750E-01  5.20996E-02  1.70564E-02  5.46877E-03  1.76179E-03
  5.63720E-04  1.83880E-04  6.41800E-05  2.41440E-05  9.81506E-06  4.30736E-06
  2.04266E-06  1.06074E-06  5.82779E-07  3.36342E-07  2.02520E-07  1.26577E-07
  8.17244E-08  5.42594E-08  3.68729E-08  2.55609E-08  1.80161E-08  1.28727E-08
  9.30031E-09  6.77937E-09  4.97663E-09  3.67341E-09  2.72267E-09  2.02418E-09
  1.50809E-09  1.12592E-09  8.41072E-10  6.28544E-10  4.69738E-10  3.52817E-10
  2.64111E-10  1.97952E-10  1.48161E-10  1.10796E-10  8.27817E-11  6.17881E-11
  4.60674E-11  3.43142E-11  2.55240E-11  1.89615E-11  1.40681E-11  1.04240E-11
  7.71381E-12  5.70093E-12  4.20797E-12  3.10213E-12  2.28414E-12  1.67986E-12
  1.23404E-12  9.05531E-13  6.63767E-13  4.86052E-13  3.55567E-13  2.59865E-13

 jn =   11
  3.38043E+00  1.22760E+00  4.32248E-01  1.47635E-01  4.89128E-02  1.60574E-02
  5.14413E-03  1.65262E-03  5.58930E-04  1.99898E-04  7.56147E-05  3.03213E-05
  1.30153E-05  6.10769E-06  3.04404E-06  1.60689E-06  8.93726E-07  5.20841E-07
  3.16115E-07  1.98624E-07  1.28406E-07  8.50615E-08  5.75120E-08  3.95508E-08
  2.75848E-08  1.94653E-08  1.38695E-08  9.96245E-09  7.20371E-09  5.23761E-09
  3.82531E-09  2.80566E-09  2.06359E-09  1.52155E-09  1.12412E-09  8.38086E-10
  6.23322E-10  4.65478E-10  3.47700E-10  2.59964E-10  1.94531E-10  1.45649E-10
  1.09082E-10  8.17411E-11  6.12222E-11  4.58371E-11  3.42992E-11  2.56470E-11
  1.91608E-11  1.43009E-11  1.06619E-11  7.93954E-12  5.90494E-12  4.38604E-12
  3.25352E-12  2.41017E-12  1.78300E-12  1.31725E-12  9.71859E-13  7.16085E-13

 jn =   12
  1.75514E+01  6.85194E+00  2.60072E+00  9.44261E-01  3.30471E-01  1.13386E-01
  3.75186E-02  1.22729E-02  4.12678E-03  1.41308E-03  4.91822E-04  1.77423E-04
  6.84079E-05  2.89866E-05  1.32687E-05  6.54148E-06  3.44547E-06  1.92125E-06
  1.12391E-06  6.84063E-07  4.29736E-07  2.77232E-07  1.82794E-07  1.22687E-07
  8.35502E-08  5.75799E-08  4.00739E-08  2.81187E-08  1.98646E-08  1.41140E-08
  1.00769E-08  7.22638E-09  5.20029E-09  3.75404E-09  2.71748E-09  1.98315E-09
  1.44703E-09  1.06096E-09  7.79446E-10  5.74110E-10  4.23976E-10  3.13874E-10
  2.32896E-10  1.73312E-10  1.29156E-10  9.64161E-11  7.20840E-11  5.39611E-11
  4.04361E-11  3.03250E-11  2.27547E-11  1.70795E-11  1.28208E-11  9.62262E-12
  7.21973E-12  5.41392E-12  4.05686E-12  3.03729E-12  2.27163E-12  1.69703E-12

 jn =   13
  5.77965E+01  2.48978E+01  1.04798E+01  4.10160E+00  1.53564E+00  5.61076E-01
  1.95667E-01  6.64878E-02  2.25319E-02  7.39906E-03  2.36942E-03  7.79574E-04
  2.77860E-04  1.10356E-04  4.82117E-05  2.29838E-05  1.18120E-05  6.46417E-06
  3.72495E-06  2.23847E-06  1.39025E-06  8.87374E-07  5.79084E-07  3.84686E-07
  2.59233E-07  1.76721E-07  1.21602E-07  8.43114E-08  5.88196E-08  4.12448E-08
  2.90433E-08  2.05257E-08  1.45491E-08  1.03393E-08  7.36412E-09  5.26849E-09
  3.77269E-09  2.71000E-09  1.95028E-09  1.40662E-09  1.01685E-09  7.36812E-10
  5.35167E-10  3.90026E-10  2.84788E-10  2.08476E-10  1.53003E-10  1.12578E-10
  8.30425E-11  6.14074E-11  4.55179E-11  3.38174E-11  2.51791E-11  1.87854E-11
  1.40412E-11  1.05125E-11  7.88210E-12  5.91714E-12  4.44648E-12  3.34389E-12

 jn =   14
  1.26809E+02  6.12325E+01  2.98148E+01  1.25976E+01  5.05954E+00  1.96650E+00
  7.27625E-01  2.58354E-01  8.92411E-02  2.87242E-02  8.79175E-03  2.76681E-03
  9.54211E-04  3.69828E-04  1.59019E-04  7.50098E-05  3.82647E-05  2.08251E-05
  1.19472E-05  7.15232E-06  4.42655E-06  2.81588E-06  1.83141E-06  1.21239E-06
  8.14035E-07  5.52782E-07  3.78788E-07  2.61450E-07  1.81516E-07  1.26613E-07
  8.86533E-08  6.22674E-08  4.38455E-08  3.09385E-08  2.18691E-08  1.54914E-08
  1.09858E-08  7.80297E-09  5.54878E-09  3.95064E-09  2.81630E-09  2.01020E-09
  1.43670E-09  1.02928E-09  7.38021E-10  5.30020E-10  3.81282E-10  2.74774E-10
  1.98392E-10  1.43529E-10  1.04055E-10  7.56043E-11  5.50585E-11  4.01915E-11
  2.94108E-11  2.15757E-11  1.58680E-11  1.16999E-11  8.64854E-12  6.40893E-12

 jn =   15
  2.30140E+02  1.21337E+02  6.07757E+01  2.86623E+01  1.32403E+01  5.48092E+00
  2.13829E+00  7.96525E-01  2.84229E-01  9.22597E-02  2.80915E-02  8.78887E-03
  3.02156E-03  1.16925E-03  5.02684E-04  2.37204E-04  1.21057E-04  6.59032E-05
  3.78113E-05  2.26327E-05  1.40023E-05  8.90256E-06  5.78602E-06  3.82707E-06
  2.56705E-06  1.74120E-06  1.19160E-06  8.21291E-07  5.69282E-07  3.96393E-07
  2.77013E-07  1.94147E-07  1.36390E-07  9.59958E-08  6.76684E-08  4.77574E-08
  3.37425E-08  2.38621E-08  1.68883E-08  1.19610E-08  8.47680E-09  6.01123E-09
  4.26536E-09  3.03157E-09  2.15468E-09  1.53254E-09  1.09085E-09  7.77091E-10
  5.54057E-10  3.95407E-10  2.82471E-10  2.02015E-10  1.44648E-10  1.03707E-10
  7.44579E-11  5.35396E-11  3.85612E-11  2.78220E-11  2.01114E-11  1.45668E-11


 NWFITS CREATED on 8/4/93
