  1.00000E-99  0.82326E-78  0.27131E-66  0.26658E-54  0.87994E-45  0.31628E-37
  0.31532E-31  0.18342E-26  0.11253E-22  0.11668E-19  0.29748E-17  0.25111E-15
  0.85797E-14  0.15007E-12  0.15183E-11  0.99356E-11  0.45897E-10  0.16031E-09
  0.44659E-09  0.10356E-08  0.20675E-08  0.36575E-08  0.58484E-08  0.85922E-08
  0.11770E-07  0.15216E-07  0.18747E-07  0.22190E-07  0.25394E-07  0.28235E-07
  0.30616E-07  0.32465E-07  0.33744E-07  0.34442E-07  0.34582E-07  0.34216E-07
  0.33414E-07  0.32262E-07  0.30845E-07  0.28667E-07  0.26670E-07  0.24757E-07
  0.22940E-07  0.21222E-07  0.19591E-07  0.18070E-07  0.16647E-07  0.15320E-07
  0.14086E-07  0.12939E-07  0.11876E-07  0.10893E-07  0.99841E-08  0.91461E-08
  0.83743E-08  0.76644E-08  0.70125E-08  0.64150E-08  0.58688E-08  0.53711E-08

  0.48950E-99  0.16456E-77  0.78323E-66  0.50920E-54  0.15620E-44  0.52726E-37
  0.49767E-31  0.27557E-26  0.16142E-22  0.16000E-19  0.39012E-17  0.31520E-15
  0.10389E-13  0.17512E-12  0.17153E-11  0.10924E-10  0.49370E-10  0.16950E-09
  0.46597E-09  0.10697E-08  0.21197E-08  0.37320E-08  0.59486E-08  0.87169E-08
  0.11917E-07  0.15381E-07  0.18926E-07  0.22379E-07  0.25589E-07  0.28432E-07
  0.30812E-07  0.32659E-07  0.33933E-07  0.34625E-07  0.34758E-07  0.34384E-07
  0.33575E-07  0.32415E-07  0.30990E-07  0.28805E-07  0.26800E-07  0.24881E-07
  0.23056E-07  0.21331E-07  0.19688E-07  0.18160E-07  0.16730E-07  0.15398E-07
  0.14158E-07  0.13007E-07  0.11941E-07  0.10954E-07  0.10044E-07  0.92037E-08
  0.84303E-08  0.77191E-08  0.70663E-08  0.64680E-08  0.59210E-08  0.54227E-08

  0.14117E-99  0.12557E-80  0.13212E-65  0.10812E-53  0.30336E-44  0.94878E-37
  0.83856E-31  0.43847E-26  0.24393E-22  0.23038E-19  0.53611E-17  0.41370E-15
  0.13113E-13  0.21223E-12  0.20032E-11  0.12353E-10  0.54344E-10  0.18255E-09
  0.49335E-09  0.11178E-08  0.21930E-08  0.38370E-08  0.60896E-08  0.88920E-08
  0.12123E-07  0.15612E-07  0.19177E-07  0.22643E-07  0.25860E-07  0.28706E-07
  0.31085E-07  0.32927E-07  0.34193E-07  0.34876E-07  0.35000E-07  0.34615E-07
  0.33794E-07  0.32622E-07  0.31186E-07  0.28989E-07  0.26972E-07  0.25042E-07
  0.23206E-07  0.21471E-07  0.19811E-07  0.18272E-07  0.16834E-07  0.15493E-07
  0.14247E-07  0.13091E-07  0.12020E-07  0.11030E-07  0.10117E-07  0.92743E-08
  0.84988E-08  0.77857E-08  0.71312E-08  0.65316E-08  0.59838E-08  0.54850E-08

  0.33115E-92  0.82678E-78  0.37580E-65  0.26144E-53  0.66157E-44  0.18891E-36
  0.15414E-30  0.75221E-26  0.39399E-22  0.35243E-19  0.77959E-17  0.57290E-15
  0.17406E-13  0.26951E-12  0.24404E-11  0.14494E-10  0.61714E-10  0.20171E-09
  0.53326E-09  0.11874E-08  0.22986E-08  0.39888E-08  0.62928E-08  0.91448E-08
  0.12421E-07  0.15945E-07  0.19538E-07  0.23022E-07  0.26249E-07  0.29098E-07
  0.31474E-07  0.33308E-07  0.34564E-07  0.35234E-07  0.35342E-07  0.34941E-07
  0.34104E-07  0.32915E-07  0.31461E-07  0.29247E-07  0.27213E-07  0.25266E-07
  0.23415E-07  0.21665E-07  0.19981E-07  0.18427E-07  0.16975E-07  0.15622E-07
  0.14366E-07  0.13201E-07  0.12124E-07  0.11128E-07  0.10209E-07  0.93630E-08
  0.85842E-08  0.78687E-08  0.72124E-08  0.66113E-08  0.60618E-08  0.55613E-08

  0.16109E-98  0.12365E-79  0.11253E-64  0.73559E-53  0.16635E-43  0.42846E-36
  0.31787E-30  0.14261E-25  0.69461E-22  0.58295E-19  0.12175E-16  0.84795E-15
  0.24583E-13  0.36278E-12  0.31374E-11  0.17850E-10  0.73108E-10  0.23101E-09
  0.59370E-09  0.12920E-08  0.24566E-08  0.42156E-08  0.65950E-08  0.95203E-08
  0.12863E-07  0.16439E-07  0.20073E-07  0.23581E-07  0.26824E-07  0.29676E-07
  0.32047E-07  0.33870E-07  0.35109E-07  0.35759E-07  0.35845E-07  0.35420E-07
  0.34557E-07  0.33343E-07  0.31863E-07  0.29624E-07  0.27566E-07  0.25595E-07
  0.23720E-07  0.21948E-07  0.20228E-07  0.18651E-07  0.17178E-07  0.15807E-07
  0.14534E-07  0.13355E-07  0.12265E-07  0.11260E-07  0.10333E-07  0.94800E-08
  0.86959E-08  0.79756E-08  0.73149E-08  0.67099E-08  0.61576E-08  0.56555E-08

  0.33115E-92  0.86635E-78  0.40635E-64  0.24602E-52  0.49980E-43  0.11521E-35
  0.76448E-30  0.30883E-25  0.13750E-21  0.10680E-18  0.20839E-16  0.13648E-14
  0.37512E-13  0.52526E-12  0.43196E-11  0.23424E-10  0.91711E-10  0.27819E-09
  0.68992E-09  0.14571E-08  0.27048E-08  0.45713E-08  0.70661E-08  0.10103E-07
  0.13544E-07  0.17202E-07  0.20898E-07  0.24444E-07  0.27708E-07  0.30566E-07
  0.32930E-07  0.34731E-07  0.35943E-07  0.36560E-07  0.36610E-07  0.36147E-07
  0.35245E-07  0.33991E-07  0.32473E-07  0.30195E-07  0.28099E-07  0.26092E-07
  0.24183E-07  0.22375E-07  0.20602E-07  0.18989E-07  0.17483E-07  0.16081E-07
  0.14782E-07  0.13579E-07  0.12469E-07  0.11446E-07  0.10504E-07  0.96387E-08
  0.88442E-08  0.81159E-08  0.74494E-08  0.68408E-08  0.62864E-08  0.57824E-08

  0.18785E-97  0.14083E-78  0.17372E-63  0.98652E-52  0.18338E-42  0.38002E-35
  0.22424E-29  0.80405E-25  0.32228E-21  0.22814E-18  0.40974E-16  0.24900E-14
  0.64123E-13  0.84570E-12  0.65710E-11  0.33741E-10  0.12535E-09  0.36188E-09
  0.85788E-09  0.17412E-08  0.31314E-08  0.51796E-08  0.78642E-08  0.11082E-07
  0.14680E-07  0.18466E-07  0.22256E-07  0.25862E-07  0.29159E-07  0.32023E-07
  0.34374E-07  0.36129E-07  0.37293E-07  0.37854E-07  0.37842E-07  0.37313E-07
  0.36346E-07  0.35025E-07  0.33441E-07  0.31100E-07  0.28944E-07  0.26878E-07
  0.24913E-07  0.23043E-07  0.21191E-07  0.19521E-07  0.17961E-07  0.16511E-07
  0.15167E-07  0.13924E-07  0.12778E-07  0.11725E-07  0.10757E-07  0.98703E-08
  0.90585E-08  0.83163E-08  0.76383E-08  0.70192E-08  0.64546E-08  0.59412E-08

  0.66229E-92  0.11884E-77  0.83226E-63  0.45858E-51  0.80795E-42  0.15510E-34
  0.82993E-29  0.26575E-24  0.95027E-21  0.60180E-18  0.97279E-16  0.53660E-14
  0.12700E-12  0.15622E-11  0.11383E-10  0.54994E-10  0.19260E-09  0.52515E-09
  0.11791E-08  0.22758E-08  0.39372E-08  0.63183E-08  0.93450E-08  0.12883E-07
  0.16757E-07  0.20762E-07  0.24709E-07  0.28415E-07  0.31759E-07  0.34628E-07
  0.36949E-07  0.38622E-07  0.39697E-07  0.40154E-07  0.40029E-07  0.39369E-07
  0.38278E-07  0.36827E-07  0.35121E-07  0.32663E-07  0.30394E-07  0.28221E-07
  0.26155E-07  0.24152E-07  0.22178E-07  0.20409E-07  0.18757E-07  0.17222E-07
  0.15800E-07  0.14488E-07  0.13280E-07  0.12172E-07  0.11156E-07  0.10229E-07
  0.93817E-08  0.86096E-08  0.79065E-08  0.72674E-08  0.66889E-08  0.61684E-08

  0.86003E-97  0.39720E-77  0.38339E-62  0.21152E-50  0.36792E-41  0.68110E-34
  0.34141E-28  0.99879E-24  0.32153E-20  0.18240E-17  0.26477E-15  0.13202E-13
  0.28564E-12  0.32748E-11  0.22358E-10  0.10154E-09  0.33476E-09  0.85996E-09
  0.18210E-08  0.33214E-08  0.55127E-08  0.85151E-08  0.12169E-07  0.16287E-07
  0.20654E-07  0.25047E-07  0.29268E-07  0.33144E-07  0.36563E-07  0.39429E-07
  0.41685E-07  0.43237E-07  0.44160E-07  0.44440E-07  0.44122E-07  0.43203E-07
  0.41886E-07  0.40192E-07  0.38256E-07  0.35576E-07  0.33095E-07  0.30720E-07
  0.28462E-07  0.26178E-07  0.23993E-07  0.22035E-07  0.20210E-07  0.18515E-07
  0.16948E-07  0.15504E-07  0.14178E-07  0.12965E-07  0.11858E-07  0.10851E-07
  0.99359E-08  0.91077E-08  0.83600E-08  0.76874E-08  0.70848E-08  0.65470E-08

  0.11463E-96  0.19032E-76  0.14453E-61  0.81146E-50  0.14255E-40  0.26194E-33
  0.12717E-27  0.35283E-23  0.10620E-19  0.55922E-17  0.75065E-15  0.34538E-13
  0.69076E-12  0.73814E-11  0.47053E-10  0.20006E-09  0.61933E-09  0.14984E-08
  0.29965E-08  0.51752E-08  0.82582E-08  0.12273E-07  0.16940E-07  0.21992E-07
  0.27160E-07  0.32191E-07  0.36880E-07  0.41064E-07  0.44644E-07  0.47549E-07
  0.49742E-07  0.51161E-07  0.51886E-07  0.51924E-07  0.51332E-07  0.50018E-07
  0.48353E-07  0.46276E-07  0.43969E-07  0.40924E-07  0.38085E-07  0.35362E-07
  0.32771E-07  0.29948E-07  0.27393E-07  0.25092E-07  0.22947E-07  0.20957E-07
  0.19118E-07  0.17428E-07  0.15879E-07  0.14466E-07  0.13181E-07  0.12017E-07
  0.10967E-07  0.10022E-07  0.91762E-08  0.84209E-08  0.77481E-08  0.71502E-08

  0.66231E-92  0.52072E-76  0.42765E-61  0.24569E-49  0.43989E-40  0.81617E-33
  0.39467E-27  0.10765E-22  0.31427E-19  0.15790E-16  0.19852E-14  0.84261E-13
  0.15441E-11  0.15084E-10  0.88384E-10  0.34868E-09  0.10122E-08  0.23182E-08
  0.44223E-08  0.73292E-08  0.11356E-07  0.16426E-07  0.22145E-07  0.28182E-07
  0.34221E-07  0.39984E-07  0.45255E-07  0.49879E-07  0.53764E-07  0.56855E-07
  0.59132E-07  0.60569E-07  0.61232E-07  0.61152E-07  0.60398E-07  0.58861E-07
  0.56952E-07  0.54596E-07  0.51991E-07  0.48629E-07  0.45459E-07  0.42396E-07
  0.39457E-07  0.35915E-07  0.32897E-07  0.30142E-07  0.27554E-07  0.25138E-07
  0.22896E-07  0.20824E-07  0.18920E-07  0.17178E-07  0.15592E-07  0.14154E-07
  0.12858E-07  0.11695E-07  0.10657E-07  0.97361E-08  0.89238E-08  0.82133E-08

  0.13517E-96  0.11220E-75  0.94878E-61  0.56069E-49  0.10338E-39  0.19663E-32
  0.96818E-27  0.26619E-22  0.76751E-19  0.36784E-16  0.42505E-14  0.16252E-12
  0.26843E-11  0.23765E-10  0.12854E-09  0.47652E-09  0.13194E-08  0.29146E-08
  0.54055E-08  0.87582E-08  0.13357E-07  0.19061E-07  0.25416E-07  0.32058E-07
  0.38648E-07  0.44895E-07  0.50580E-07  0.55548E-07  0.59711E-07  0.63019E-07
  0.65461E-07  0.67030E-07  0.67778E-07  0.67750E-07  0.67020E-07  0.65558E-07
  0.63656E-07  0.61312E-07  0.58689E-07  0.55291E-07  0.52068E-07  0.48936E-07
  0.45910E-07  0.41894E-07  0.38627E-07  0.35603E-07  0.32731E-07  0.30019E-07
  0.27472E-07  0.25092E-07  0.22879E-07  0.20831E-07  0.18945E-07  0.17217E-07
  0.15643E-07  0.14219E-07  0.12938E-07  0.11798E-07  0.10792E-07  0.99178E-08

  0.13888E-96  0.17313E-75  0.15139E-60  0.91750E-49  0.17397E-39  0.34163E-32
  0.17307E-26  0.48526E-22  0.13907E-18  0.63280E-16  0.66809E-14  0.23195E-12
  0.35332E-11  0.29280E-10  0.15114E-09  0.54232E-09  0.14678E-08  0.31899E-08
  0.58452E-08  0.93833E-08  0.14219E-07  0.20186E-07  0.26805E-07  0.33700E-07
  0.40524E-07  0.46984E-07  0.52855E-07  0.57987E-07  0.62288E-07  0.65716E-07
  0.68256E-07  0.69917E-07  0.70738E-07  0.70772E-07  0.70093E-07  0.68740E-07
  0.66903E-07  0.64643E-07  0.62092E-07  0.58762E-07  0.55606E-07  0.52538E-07
  0.49573E-07  0.45398E-07  0.42100E-07  0.39030E-07  0.36099E-07  0.33315E-07
  0.30683E-07  0.28207E-07  0.25886E-07  0.23720E-07  0.21706E-07  0.19841E-07
  0.18122E-07  0.16545E-07  0.15109E-07  0.13811E-07  0.12648E-07  0.11620E-07

  0.33116E-92  0.20688E-75  0.19073E-60  0.11597E-48  0.22250E-39  0.44372E-32
  0.22991E-26  0.65446E-22  0.18694E-18  0.81951E-16  0.81629E-14  0.26850E-12
  0.39303E-11  0.31628E-10  0.16015E-09  0.56743E-09  0.15226E-08  0.32894E-08
  0.60019E-08  0.96051E-08  0.14524E-07  0.20584E-07  0.27297E-07  0.34282E-07
  0.41189E-07  0.47724E-07  0.53663E-07  0.58853E-07  0.63207E-07  0.66679E-07
  0.69259E-07  0.70956E-07  0.71809E-07  0.71870E-07  0.71216E-07  0.69914E-07
  0.68112E-07  0.65896E-07  0.63386E-07  0.60098E-07  0.56985E-07  0.53962E-07
  0.51044E-07  0.46828E-07  0.43543E-07  0.40482E-07  0.37555E-07  0.34772E-07
  0.32136E-07  0.29652E-07  0.27318E-07  0.25133E-07  0.23094E-07  0.21197E-07
  0.19440E-07  0.17817E-07  0.16325E-07  0.14962E-07  0.13723E-07  0.12609E-07

  0.17223E-96  0.24486E-75  0.20322E-60  0.12388E-48  0.25099E-39  0.49802E-32
  0.25773E-26  0.73728E-22  0.21028E-18  0.90515E-16  0.87849E-14  0.28273E-12
  0.40761E-11  0.32456E-10  0.16324E-09  0.57583E-09  0.15404E-08  0.33215E-08
  0.60522E-08  0.96752E-08  0.14621E-07  0.20711E-07  0.27454E-07  0.34468E-07
  0.41407E-07  0.47968E-07  0.53933E-07  0.59146E-07  0.63518E-07  0.67004E-07
  0.69596E-07  0.71305E-07  0.72168E-07  0.72237E-07  0.71591E-07  0.70307E-07
  0.68517E-07  0.66317E-07  0.63823E-07  0.60550E-07  0.57455E-07  0.54449E-07
  0.51550E-07  0.47324E-07  0.44046E-07  0.40992E-07  0.38071E-07  0.35293E-07
  0.32661E-07  0.30179E-07  0.27846E-07  0.25660E-07  0.23619E-07  0.21718E-07
  0.19952E-07  0.18318E-07  0.16810E-07  0.15425E-07  0.14159E-07  0.13010E-07

  0.52356E-10  0.25642E-10  0.13680E-10  0.79149E-11  0.49236E-11  0.32588E-11
  0.22711E-11  0.16504E-11  0.12399E-11  0.95613E-12  0.75224E-12  0.60089E-12
  0.48543E-12  0.39532E-12  0.32371E-12  0.26597E-12  0.21890E-12  0.18023E-12
  0.14826E-12  0.12174E-12  0.99706E-13  0.81386E-13  0.66177E-13  0.53581E-13
  0.43183E-13  0.34634E-13  0.27638E-13  0.21943E-13  0.17333E-13  0.13622E-13
  0.10653E-13  0.82906E-14  0.64222E-14  0.49526E-14  0.38031E-14  0.29086E-14
  0.22159E-14  0.16821E-14  0.12726E-14  0.95964E-15  0.72149E-15  0.54091E-15
  0.40446E-15  0.30168E-15  0.22450E-15  0.16671E-15  0.12355E-15  0.91388E-16
  0.67482E-16  0.49749E-16  0.36619E-16  0.26917E-16  0.19758E-16  0.14485E-16
  0.10607E-16  0.77585E-17  0.56690E-17  0.41382E-17  0.30179E-17  0.21990E-17

  0.11948E-09  0.52269E-10  0.24965E-10  0.13038E-10  0.74052E-11  0.45322E-11
  0.29574E-11  0.20356E-11  0.14634E-11  0.10891E-11  0.83299E-12  0.65065E-12
  0.51641E-12  0.41475E-12  0.33594E-12  0.27368E-12  0.22375E-12  0.18327E-12
  0.15015E-12  0.12290E-12  0.10041E-12  0.81798E-13  0.66412E-13  0.53709E-13
  0.43248E-13  0.34662E-13  0.27645E-13  0.21940E-13  0.17325E-13  0.13613E-13
  0.10643E-13  0.82821E-14  0.64149E-14  0.49467E-14  0.37983E-14  0.29048E-14
  0.22130E-14  0.16799E-14  0.12709E-14  0.95836E-15  0.72053E-15  0.54020E-15
  0.40393E-15  0.30129E-15  0.22422E-15  0.16650E-15  0.12339E-15  0.91273E-16
  0.67397E-16  0.49685E-16  0.36571E-16  0.26880E-16  0.19730E-16  0.14464E-16
  0.10591E-16  0.77457E-17  0.56591E-17  0.41304E-17  0.30119E-17  0.21943E-17

  0.30451E-09  0.12007E-09  0.51331E-10  0.24028E-10  0.12319E-10  0.68805E-11
  0.41475E-11  0.26699E-11  0.18158E-11  0.12916E-11  0.95244E-12  0.72255E-12
  0.56034E-12  0.44186E-12  0.35278E-12  0.28417E-12  0.23029E-12  0.18732E-12
  0.15265E-12  0.12442E-12  0.10132E-12  0.82332E-13  0.66714E-13  0.53870E-13
  0.43326E-13  0.34693E-13  0.27651E-13  0.21932E-13  0.17312E-13  0.13598E-13
  0.10630E-13  0.82699E-14  0.64047E-14  0.49383E-14  0.37917E-14  0.28996E-14
  0.22090E-14  0.16768E-14  0.12686E-14  0.95664E-15  0.71926E-15  0.53926E-15
  0.40324E-15  0.30079E-15  0.22385E-15  0.16623E-15  0.12320E-15  0.91131E-16
  0.67292E-16  0.49606E-16  0.36512E-16  0.26836E-16  0.19696E-16  0.14438E-16
  0.10571E-16  0.77304E-17  0.56473E-17  0.41213E-17  0.30048E-17  0.21888E-17

  0.84906E-09  0.30793E-09  0.11906E-09  0.49981E-10  0.22960E-10  0.11576E-10
  0.63623E-11  0.37794E-11  0.24008E-11  0.16134E-11  0.11356E-11  0.82967E-12
  0.62426E-12  0.48056E-12  0.37645E-12  0.29872E-12  0.23925E-12  0.19283E-12
  0.15601E-12  0.12646E-12  0.10253E-12  0.83033E-13  0.67106E-13  0.54075E-13
  0.43423E-13  0.34728E-13  0.27653E-13  0.21918E-13  0.17291E-13  0.13576E-13
  0.10609E-13  0.82523E-14  0.63900E-14  0.49265E-14  0.37823E-14  0.28923E-14
  0.22034E-14  0.16726E-14  0.12654E-14  0.95426E-15  0.71750E-15  0.53797E-15
  0.40231E-15  0.30011E-15  0.22336E-15  0.16588E-15  0.12294E-15  0.90943E-16
  0.67154E-16  0.49505E-16  0.36437E-16  0.26779E-16  0.19654E-16  0.14406E-16
  0.10546E-16  0.77117E-17  0.56329E-17  0.41102E-17  0.29962E-17  0.21821E-17

  0.25129E-08  0.86181E-09  0.30776E-09  0.11705E-09  0.48142E-10  0.21816E-10
  0.10827E-10  0.58622E-11  0.34328E-11  0.21519E-11  0.14289E-11  0.99510E-12
  0.72010E-12  0.53722E-12  0.41042E-12  0.31928E-12  0.25174E-12  0.20041E-12
  0.16059E-12  0.12920E-12  0.10414E-12  0.83959E-13  0.67616E-13  0.54338E-13
  0.43542E-13  0.34766E-13  0.27649E-13  0.21894E-13  0.17260E-13  0.13544E-13
  0.10580E-13  0.82270E-14  0.63690E-14  0.49096E-14  0.37689E-14  0.28819E-14
  0.21954E-14  0.16666E-14  0.12608E-14  0.95090E-15  0.71501E-15  0.53615E-15
  0.40098E-15  0.29915E-15  0.22266E-15  0.16538E-15  0.12258E-15  0.90684E-16
  0.66966E-16  0.49369E-16  0.36337E-16  0.26706E-16  0.19600E-16  0.14365E-16
  0.10515E-16  0.76884E-17  0.56152E-17  0.40968E-17  0.29860E-17  0.21743E-17

  0.76633E-08  0.25531E-08  0.86627E-09  0.30516E-09  0.11373E-09  0.46417E-10
  0.20665E-10  0.10073E-10  0.53678E-11  0.30987E-11  0.19178E-11  0.12588E-11
  0.86744E-12  0.62178E-12  0.45992E-12  0.34865E-12  0.26930E-12  0.21094E-12
  0.16688E-12  0.13291E-12  0.10630E-12  0.85182E-13  0.68278E-13  0.54671E-13
  0.43685E-13  0.34804E-13  0.27633E-13  0.21853E-13  0.17211E-13  0.13496E-13
  0.10536E-13  0.81899E-14  0.63385E-14  0.48851E-14  0.37498E-14  0.28671E-14
  0.21841E-14  0.16579E-14  0.12544E-14  0.94609E-15  0.71146E-15  0.53354E-15
  0.39907E-15  0.29776E-15  0.22166E-15  0.16466E-15  0.12206E-15  0.90313E-16
  0.66701E-16  0.49178E-16  0.36200E-16  0.26606E-16  0.19527E-16  0.14312E-16
  0.10476E-16  0.76590E-17  0.55930E-17  0.40798E-17  0.29728E-17  0.21641E-17

  0.23553E-07  0.77693E-08  0.25682E-08  0.86031E-09  0.29700E-09  0.11034E-09
  0.44150E-10  0.19266E-10  0.92816E-11  0.48912E-11  0.27907E-11  0.17061E-11
  0.11064E-11  0.75385E-12  0.53485E-12  0.39196E-12  0.29462E-12  0.22581E-12
  0.17560E-12  0.13798E-12  0.10919E-12  0.86783E-13  0.69118E-13  0.55072E-13
  0.43839E-13  0.34825E-13  0.27588E-13  0.21781E-13  0.17131E-13  0.13420E-13
  0.10470E-13  0.81344E-14  0.62934E-14  0.48492E-14  0.37217E-14  0.28454E-14
  0.21676E-14  0.16455E-14  0.12450E-14  0.93914E-15  0.70632E-15  0.52976E-15
  0.39631E-15  0.29576E-15  0.22021E-15  0.16361E-15  0.12131E-15  0.89775E-16
  0.66317E-16  0.48904E-16  0.36004E-16  0.26466E-16  0.19426E-16  0.14239E-16
  0.10422E-16  0.76194E-17  0.55635E-17  0.40579E-17  0.29566E-17  0.21522E-17

  0.71856E-07  0.23746E-07  0.77895E-08  0.25469E-08  0.83993E-09  0.29158E-09
  0.10670E-09  0.41932E-10  0.18186E-10  0.86474E-11  0.44778E-11  0.25079E-11
  0.15072E-11  0.96405E-12  0.64904E-12  0.45563E-12  0.33072E-12  0.24645E-12
  0.18739E-12  0.14466E-12  0.11289E-12  0.88746E-13  0.70087E-13  0.55480E-13
  0.43942E-13  0.34774E-13  0.27467E-13  0.21638E-13  0.16991E-13  0.13294E-13
  0.10361E-13  0.80457E-14  0.62223E-14  0.47932E-14  0.36782E-14  0.28123E-14
  0.21424E-14  0.16266E-14  0.12310E-14  0.92873E-15  0.69866E-15  0.52415E-15
  0.39222E-15  0.29278E-15  0.21806E-15  0.16206E-15  0.12020E-15  0.88981E-16
  0.65751E-16  0.48501E-16  0.35719E-16  0.26263E-16  0.19282E-16  0.14136E-16
  0.10349E-16  0.75667E-17  0.55256E-17  0.40303E-17  0.29363E-17  0.21367E-17

  0.21489E-06  0.71755E-07  0.23656E-07  0.76985E-08  0.24875E-08  0.82632E-09
  0.28104E-09  0.10015E-09  0.38939E-10  0.16555E-10  0.77000E-11  0.39098E-11
  0.21568E-11  0.12877E-11  0.81722E-12  0.54575E-12  0.37991E-12  0.27351E-12
  0.20224E-12  0.15267E-12  0.11705E-12  0.90763E-13  0.70919E-13  0.55681E-13
  0.43828E-13  0.34521E-13  0.27172E-13  0.21349E-13  0.16732E-13  0.13074E-13
  0.10180E-13  0.78998E-14  0.61069E-14  0.47032E-14  0.36088E-14  0.27599E-14
  0.21029E-14  0.15972E-14  0.12091E-14  0.91256E-15  0.68677E-15  0.51545E-15
  0.38588E-15  0.28819E-15  0.21474E-15  0.15967E-15  0.11849E-15  0.87757E-16
  0.64879E-16  0.47882E-16  0.35280E-16  0.25954E-16  0.19063E-16  0.13981E-16
  0.10239E-16  0.74886E-17  0.54693E-17  0.39891E-17  0.29056E-17  0.21137E-17

  0.62060E-06  0.21143E-06  0.70728E-07  0.23204E-07  0.74721E-08  0.24235E-08
  0.78307E-09  0.25893E-09  0.92055E-10  0.35514E-10  0.14940E-10  0.68584E-11
  0.34371E-11  0.18909E-11  0.11129E-11  0.69506E-12  0.45678E-12  0.31347E-12
  0.22296E-12  0.16320E-12  0.12215E-12  0.92973E-13  0.71619E-13  0.55624E-13
  0.43426E-13  0.33995E-13  0.26635E-13  0.20858E-13  0.16307E-13  0.12719E-13
  0.98923E-14  0.76702E-14  0.59264E-14  0.45630E-14  0.35009E-14  0.26786E-14
  0.20417E-14  0.15515E-14  0.11753E-14  0.88758E-15  0.66843E-15  0.50204E-15
  0.37612E-15  0.28111E-15  0.20962E-15  0.15599E-15  0.11584E-15  0.85861E-16
  0.63526E-16  0.46920E-16  0.34598E-16  0.25471E-16  0.18722E-16  0.13741E-16
  0.10070E-16  0.73686E-17  0.53842E-17  0.39286E-17  0.28625E-17  0.20831E-17

  0.16808E-05  0.59473E-06  0.20462E-06  0.68478E-07  0.22291E-07  0.72103E-08
  0.22828E-08  0.72738E-09  0.24513E-09  0.87940E-10  0.33682E-10  0.13845E-10
  0.61761E-11  0.30436E-11  0.16188E-11  0.92616E-12  0.56611E-12  0.36660E-12
  0.24917E-12  0.17608E-12  0.12836E-12  0.95763E-13  0.72646E-13  0.55763E-13
  0.43141E-13  0.33536E-13  0.26133E-13  0.20377E-13  0.15878E-13  0.12352E-13
  0.95871E-14  0.74209E-14  0.57262E-14  0.44042E-14  0.33762E-14  0.25818E-14
  0.19671E-14  0.14945E-14  0.11320E-14  0.85492E-15  0.64395E-15  0.48381E-15
  0.36261E-15  0.27114E-15  0.20231E-15  0.15065E-15  0.11196E-15  0.83057E-16
  0.61506E-16  0.45471E-16  0.33563E-16  0.24734E-16  0.18200E-16  0.13372E-16
  0.98100E-17  0.71862E-17  0.52562E-17  0.38389E-17  0.27996E-17  0.20386E-17

  0.42664E-05  0.15705E-05  0.56401E-06  0.19443E-06  0.64834E-07  0.21270E-07
  0.67541E-08  0.21289E-08  0.69322E-09  0.23143E-09  0.79271E-10  0.28495E-10
  0.11113E-10  0.48358E-11  0.23165E-11  0.12181E-11  0.69671E-12  0.42846E-12
  0.27982E-12  0.19178E-12  0.13679E-12  0.10040E-12  0.75193E-13  0.57132E-13
  0.43838E-13  0.33850E-13  0.26231E-13  0.20358E-13  0.15801E-13  0.12250E-13
  0.94793E-14  0.73177E-14  0.56331E-14  0.43232E-14  0.33076E-14  0.25240E-14
  0.19196E-14  0.14558E-14  0.11009E-14  0.83019E-15  0.62446E-15  0.46857E-15
  0.35079E-15  0.26201E-15  0.19532E-15  0.14533E-15  0.10794E-15  0.80031E-16
  0.59246E-16  0.43792E-16  0.32322E-16  0.23823E-16  0.17535E-16  0.12889E-16
  0.94612E-17  0.69355E-17  0.50768E-17  0.37107E-17  0.27080E-17  0.19729E-17

  0.95201E-05  0.37527E-05  0.14489E-05  0.52150E-06  0.18006E-06  0.60845E-07
  0.19687E-07  0.62291E-08  0.19745E-08  0.61020E-09  0.18544E-09  0.58553E-10
  0.20307E-10  0.79712E-11  0.35066E-11  0.17171E-11  0.92494E-12  0.54068E-12
  0.33842E-12  0.22393E-12  0.15596E-12  0.11240E-12  0.82898E-13  0.62166E-13
  0.47167E-13  0.36068E-13  0.27714E-13  0.21350E-13  0.16462E-13  0.12689E-13
  0.97673E-14  0.75041E-14  0.57515E-14  0.43966E-14  0.33515E-14  0.25480E-14
  0.19315E-14  0.14603E-14  0.11010E-14  0.82789E-15  0.62107E-15  0.46488E-15
  0.34722E-15  0.25868E-15  0.19242E-15  0.14287E-15  0.10590E-15  0.78373E-16
  0.57914E-16  0.42735E-16  0.31492E-16  0.23178E-16  0.17038E-16  0.12510E-16
  0.91741E-17  0.67201E-17  0.49166E-17  0.35926E-17  0.26215E-17  0.19101E-17

  0.17771E-04  0.77235E-05  0.33885E-05  0.12916E-05  0.46859E-06  0.16476E-06
  0.55242E-07  0.17811E-07  0.56022E-08  0.16488E-08  0.46419E-09  0.13546E-09
  0.43759E-10  0.16073E-10  0.66437E-11  0.30612E-11  0.15522E-11  0.85514E-12
  0.50582E-12  0.31769E-12  0.21326E-12  0.14921E-12  0.10713E-12  0.78409E-13
  0.58196E-13  0.43625E-13  0.32924E-13  0.24956E-13  0.18961E-13  0.14420E-13
  0.10965E-13  0.83304E-14  0.63193E-14  0.47848E-14  0.36154E-14  0.27260E-14
  0.20509E-14  0.15398E-14  0.11536E-14  0.86195E-15  0.64307E-15  0.47897E-15
  0.35615E-15  0.26403E-15  0.19561E-15  0.14472E-15  0.10691E-15  0.78878E-16
  0.58120E-16  0.42772E-16  0.31441E-16  0.23086E-16  0.16933E-16  0.12408E-16
  0.90827E-17  0.66421E-17  0.48526E-17  0.35417E-17  0.25823E-17  0.18807E-17

  0.30468E-04  0.14364E-04  0.64360E-05  0.27164E-05  0.11235E-05  0.41667E-06
  0.14573E-06  0.48716E-07  0.15624E-07  0.45703E-08  0.12591E-08  0.35839E-09
  0.11286E-09  0.40316E-10  0.16146E-10  0.71705E-11  0.34833E-11  0.18290E-11
  0.10267E-11  0.61049E-12  0.39290E-12  0.26503E-12  0.18362E-12  0.12983E-12
  0.93230E-13  0.67711E-13  0.49590E-13  0.36529E-13  0.27013E-13  0.20023E-13
  0.14860E-13  0.11031E-13  0.81863E-14  0.60703E-14  0.44968E-14  0.33274E-14
  0.24595E-14  0.18162E-14  0.13399E-14  0.98592E-15  0.72564E-15  0.53393E-15
  0.39271E-15  0.28757E-15  0.21098E-15  0.15473E-15  0.11342E-15  0.83087E-16
  0.60830E-16  0.44508E-16  0.32545E-16  0.23784E-16  0.17370E-16  0.12679E-16
  0.92484E-17  0.67421E-17  0.49119E-17  0.35763E-17  0.26021E-17  0.18920E-17

  0.48767E-87  0.12121E-72  0.32205E-61  0.37356E-52  0.57839E-45  0.29043E-39
  0.95746E-35  0.36293E-31  0.24696E-28  0.42999E-26  0.25399E-24  0.63691E-23
  0.80994E-22  0.60122E-21  0.29112E-20  0.10039E-19  0.26435E-19  0.56174E-19
  0.10069E-18  0.15769E-18  0.23288E-18  0.32204E-18  0.41570E-18  0.50723E-18
  0.59142E-18  0.66476E-18  0.72532E-18  0.77256E-18  0.80688E-18  0.82930E-18
  0.84110E-18  0.84368E-18  0.83843E-18  0.82668E-18  0.80969E-18  0.78865E-18
  0.76460E-18  0.73850E-18  0.71111E-18  0.68058E-18  0.65126E-18  0.62282E-18
  0.59534E-18  0.54380E-18  0.50731E-18  0.47376E-18  0.44139E-18  0.41034E-18
  0.38075E-18  0.35267E-18  0.32615E-18  0.30118E-18  0.27775E-18  0.25584E-18
  0.23541E-18  0.21641E-18  0.19881E-18  0.18256E-18  0.16764E-18  0.15401E-18

  0.48767E-87  0.12121E-72  0.32205E-61  0.37356E-52  0.57838E-45  0.29043E-39
  0.95746E-35  0.36293E-31  0.24696E-28  0.42999E-26  0.25399E-24  0.63688E-23
  0.80984E-22  0.60106E-21  0.29099E-20  0.10032E-19  0.26408E-19  0.56099E-19
  0.10052E-18  0.15738E-18  0.23238E-18  0.32125E-18  0.41453E-18  0.50563E-18
  0.58938E-18  0.66227E-18  0.72242E-18  0.76930E-18  0.80334E-18  0.82554E-18
  0.83719E-18  0.83968E-18  0.83441E-18  0.82268E-18  0.80577E-18  0.78484E-18
  0.76093E-18  0.73498E-18  0.70776E-18  0.67742E-18  0.64828E-18  0.62001E-18
  0.59271E-18  0.54135E-18  0.50511E-18  0.47175E-18  0.43953E-18  0.40862E-18
  0.37914E-18  0.35116E-18  0.32471E-18  0.29981E-18  0.27643E-18  0.25457E-18
  0.23418E-18  0.21521E-18  0.19763E-18  0.18141E-18  0.16650E-18  0.15289E-18

  0.48765E-87  0.12120E-72  0.32205E-61  0.37355E-52  0.57837E-45  0.29043E-39
  0.95745E-35  0.36292E-31  0.24695E-28  0.42998E-26  0.25398E-24  0.63684E-23
  0.80970E-22  0.60086E-21  0.29081E-20  0.10022E-19  0.26371E-19  0.55995E-19
  0.10028E-18  0.15693E-18  0.23163E-18  0.32005E-18  0.41274E-18  0.50317E-18
  0.58619E-18  0.65838E-18  0.71789E-18  0.76423E-18  0.79784E-18  0.81973E-18
  0.83119E-18  0.83360E-18  0.82834E-18  0.81671E-18  0.79997E-18  0.77925E-18
  0.75559E-18  0.72992E-18  0.70300E-18  0.67299E-18  0.64417E-18  0.61621E-18
  0.58920E-18  0.53812E-18  0.50226E-18  0.46915E-18  0.43715E-18  0.40644E-18
  0.37712E-18  0.34927E-18  0.32293E-18  0.29811E-18  0.27481E-18  0.25301E-18
  0.23267E-18  0.21375E-18  0.19622E-18  0.18002E-18  0.16514E-18  0.15154E-18

  0.48762E-87  0.12120E-72  0.32202E-61  0.37353E-52  0.57835E-45  0.29041E-39
  0.95741E-35  0.36291E-31  0.24695E-28  0.42997E-26  0.25397E-24  0.63678E-23
  0.80952E-22  0.60058E-21  0.29056E-20  0.10009E-19  0.26320E-19  0.55847E-19
  0.99939E-19  0.15625E-18  0.23045E-18  0.31809E-18  0.40972E-18  0.49892E-18
  0.58063E-18  0.65157E-18  0.70993E-18  0.75533E-18  0.78823E-18  0.80965E-18
  0.82087E-18  0.82324E-18  0.81811E-18  0.80677E-18  0.79041E-18  0.77016E-18
  0.74702E-18  0.72190E-18  0.69554E-18  0.66614E-18  0.63788E-18  0.61045E-18
  0.58393E-18  0.53334E-18  0.49808E-18  0.46539E-18  0.43376E-18  0.40336E-18
  0.37431E-18  0.34669E-18  0.32054E-18  0.29588E-18  0.27271E-18  0.25101E-18
  0.23076E-18  0.21191E-18  0.19443E-18  0.17828E-18  0.16344E-18  0.14989E-18

  0.48749E-87  0.12117E-72  0.32196E-61  0.37347E-52  0.57825E-45  0.29037E-39
  0.95729E-35  0.36287E-31  0.24692E-28  0.42993E-26  0.25395E-24  0.63669E-23
  0.80929E-22  0.60022E-21  0.29024E-20  0.99906E-20  0.26246E-19  0.55622E-19
  0.99385E-19  0.15510E-18  0.22832E-18  0.31437E-18  0.40384E-18  0.49046E-18
  0.56940E-18  0.63769E-18  0.69369E-18  0.73724E-18  0.76879E-18  0.78942E-18
  0.80035E-18  0.80289E-18  0.79828E-18  0.78774E-18  0.77239E-18  0.75327E-18
  0.73134E-18  0.70743E-18  0.68227E-18  0.65415E-18  0.62704E-18  0.60065E-18
  0.57508E-18  0.52544E-18  0.49124E-18  0.45931E-18  0.42836E-18  0.39856E-18
  0.37002E-18  0.34283E-18  0.31704E-18  0.29268E-18  0.26976E-18  0.24826E-18
  0.22817E-18  0.20946E-18  0.19211E-18  0.17608E-18  0.16133E-18  0.14783E-18

  0.48711E-87  0.12108E-72  0.32176E-61  0.37326E-52  0.57797E-45  0.29024E-39
  0.95692E-35  0.36274E-31  0.24685E-28  0.42983E-26  0.25389E-24  0.63654E-23
  0.80896E-22  0.59974E-21  0.28980E-20  0.99642E-20  0.26132E-19  0.55244E-19
  0.98366E-19  0.15280E-18  0.22375E-18  0.30602E-18  0.39030E-18  0.47071E-18
  0.54310E-18  0.60513E-18  0.65572E-18  0.69516E-18  0.72390E-18  0.74307E-18
  0.75375E-18  0.75716E-18  0.75423E-18  0.74598E-18  0.73336E-18  0.71720E-18
  0.69832E-18  0.67744E-18  0.65519E-18  0.63013E-18  0.60567E-18  0.58162E-18
  0.55813E-18  0.51066E-18  0.47855E-18  0.44822E-18  0.41867E-18  0.39008E-18
  0.36259E-18  0.33630E-18  0.31127E-18  0.28755E-18  0.26517E-18  0.24412E-18
  0.22440E-18  0.20599E-18  0.18886E-18  0.17299E-18  0.15835E-18  0.14496E-18

  0.48590E-87  0.12082E-72  0.32113E-61  0.37260E-52  0.57706E-45  0.28984E-39
  0.95573E-35  0.36235E-31  0.24661E-28  0.42949E-26  0.25373E-24  0.63619E-23
  0.80842E-22  0.59906E-21  0.28916E-20  0.99216E-20  0.25923E-19  0.54450E-19
  0.95998E-19  0.14711E-18  0.21196E-18  0.28422E-18  0.35516E-18  0.42028E-18
  0.47709E-18  0.52483E-18  0.56354E-18  0.59414E-18  0.61719E-18  0.63369E-18
  0.64440E-18  0.65040E-18  0.65175E-18  0.64919E-18  0.64320E-18  0.63423E-18
  0.62275E-18  0.60922E-18  0.59402E-18  0.57636E-18  0.55830E-18  0.53991E-18
  0.52138E-18  0.47934E-18  0.45185E-18  0.42518E-18  0.39881E-18  0.37298E-18
  0.34786E-18  0.32361E-18  0.30031E-18  0.27805E-18  0.25688E-18  0.23683E-18
  0.21793E-18  0.20019E-18  0.18361E-18  0.16821E-18  0.15400E-18  0.14098E-18

  0.48213E-87  0.11998E-72  0.31914E-61  0.37055E-52  0.57422E-45  0.28857E-39
  0.95199E-35  0.36109E-31  0.24587E-28  0.42840E-26  0.25322E-24  0.63518E-23
  0.80724E-22  0.59788E-21  0.28804E-20  0.98340E-20  0.25408E-19  0.52250E-19
  0.89112E-19  0.13072E-18  0.17904E-18  0.22699E-18  0.26913E-18  0.30456E-18
  0.33381E-18  0.35803E-18  0.37817E-18  0.39527E-18  0.40969E-18  0.42197E-18
  0.43236E-18  0.44177E-18  0.44923E-18  0.45516E-18  0.45955E-18  0.46248E-18
  0.46368E-18  0.46334E-18  0.46131E-18  0.45792E-18  0.45278E-18  0.44618E-18
  0.43833E-18  0.40910E-18  0.39156E-18  0.37327E-18  0.35426E-18  0.33483E-18
  0.31527E-18  0.29579E-18  0.27658E-18  0.25780E-18  0.23958E-18  0.22201E-18
  0.20518E-18  0.18917E-18  0.17404E-18  0.15982E-18  0.14653E-18  0.13418E-18

  0.47056E-87  0.11740E-72  0.31301E-61  0.36419E-52  0.56541E-45  0.28461E-39
  0.94035E-35  0.35717E-31  0.24352E-28  0.42490E-26  0.25152E-24  0.63180E-23
  0.80368E-22  0.59497E-21  0.28529E-20  0.95780E-20  0.23712E-19  0.45016E-19
  0.68593E-19  0.88790E-19  0.10736E-18  0.12168E-18  0.13225E-18  0.14058E-18
  0.14772E-18  0.15434E-18  0.16080E-18  0.16736E-18  0.17403E-18  0.18091E-18
  0.18800E-18  0.19580E-18  0.20362E-18  0.21168E-18  0.21993E-18  0.22887E-18
  0.23742E-18  0.24607E-18  0.25424E-18  0.26310E-18  0.27070E-18  0.27715E-18
  0.28241E-18  0.27324E-18  0.27077E-18  0.26637E-18  0.26032E-18  0.25281E-18
  0.24405E-18  0.23426E-18  0.22365E-18  0.21241E-18  0.20075E-18  0.18883E-18
  0.17682E-18  0.16487E-18  0.15310E-18  0.14162E-18  0.13054E-18  0.11998E-18

  0.43737E-87  0.10994E-72  0.29509E-61  0.34544E-52  0.53925E-45  0.27279E-39
  0.90532E-35  0.34526E-31  0.23630E-28  0.41383E-26  0.24590E-24  0.61996E-23
  0.79094E-22  0.58523E-21  0.27623E-20  0.86898E-20  0.18376E-19  0.27491E-19
  0.32800E-19  0.34964E-19  0.36345E-19  0.37099E-19  0.37717E-19  0.38469E-19
  0.39444E-19  0.40676E-19  0.42164E-19  0.43920E-19  0.45918E-19  0.48166E-19
  0.50664E-19  0.53557E-19  0.56679E-19  0.60114E-19  0.63881E-19  0.68565E-19
  0.73316E-19  0.78688E-19  0.84356E-19  0.91033E-19  0.97832E-19  0.10480E-18
  0.11186E-18  0.11418E-18  0.11911E-18  0.12323E-18  0.12658E-18  0.12909E-18
  0.13069E-18  0.13133E-18  0.13099E-18  0.12966E-18  0.12737E-18  0.12418E-18
  0.12015E-18  0.11538E-18  0.11000E-18  0.10412E-18  0.97934E-19  0.91614E-19

  0.35760E-87  0.91536E-73  0.24987E-61  0.29707E-52  0.47043E-45  0.24112E-39
  0.80989E-35  0.31230E-31  0.21593E-28  0.38183E-26  0.22900E-24  0.58260E-23
  0.74911E-22  0.55368E-21  0.24847E-20  0.64371E-20  0.96894E-20  0.10542E-19
  0.10210E-19  0.96443E-20  0.92264E-20  0.89227E-20  0.87413E-20  0.86721E-20
  0.86999E-20  0.88125E-20  0.90003E-20  0.92589E-20  0.95821E-20  0.99695E-20
  0.10421E-19  0.10961E-19  0.11565E-19  0.12251E-19  0.13026E-19  0.14073E-19
  0.15154E-19  0.16447E-19  0.17875E-19  0.19602E-19  0.21492E-19  0.23577E-19
  0.25862E-19  0.27517E-19  0.29832E-19  0.32180E-19  0.34579E-19  0.36994E-19
  0.39384E-19  0.41701E-19  0.43888E-19  0.45881E-19  0.47613E-19  0.49013E-19
  0.50013E-19  0.50554E-19  0.50593E-19  0.50110E-19  0.49113E-19  0.47627E-19

  0.22681E-87  0.59853E-73  0.16830E-61  0.20590E-52  0.33516E-45  0.17636E-39
  0.60741E-35  0.23985E-31  0.16963E-28  0.30652E-26  0.18774E-24  0.48757E-23
  0.63878E-22  0.47072E-21  0.18677E-20  0.34387E-20  0.36963E-20  0.33490E-20
  0.29731E-20  0.26820E-20  0.24788E-20  0.23351E-20  0.22363E-20  0.21714E-20
  0.21327E-20  0.21147E-20  0.21136E-20  0.21273E-20  0.21536E-20  0.21918E-20
  0.22412E-20  0.23043E-20  0.23783E-20  0.24649E-20  0.25653E-20  0.27081E-20
  0.28569E-20  0.30404E-20  0.32474E-20  0.35003E-20  0.37860E-20  0.41108E-20
  0.44787E-20  0.47995E-20  0.52237E-20  0.56828E-20  0.61841E-20  0.67281E-20
  0.73141E-20  0.79398E-20  0.86003E-20  0.92879E-20  0.99909E-20  0.10692E-19
  0.11370E-19  0.11996E-19  0.12536E-19  0.12952E-19  0.13201E-19  0.13237E-19

  0.10517E-87  0.28576E-73  0.82809E-62  0.10450E-52  0.17554E-45  0.95371E-40
  0.33922E-35  0.13835E-31  0.10108E-28  0.18874E-26  0.11953E-24  0.32126E-23
  0.43609E-22  0.33222E-21  0.12505E-20  0.18775E-20  0.14882E-20  0.11518E-20
  0.90248E-21  0.80143E-21  0.73118E-21  0.68127E-21  0.64555E-21  0.61995E-21
  0.60177E-21  0.58918E-21  0.58089E-21  0.57605E-21  0.57400E-21  0.57432E-21
  0.57673E-21  0.58128E-21  0.58756E-21  0.59566E-21  0.60562E-21  0.62073E-21
  0.63675E-21  0.65701E-21  0.68023E-21  0.70885E-21  0.74166E-21  0.77945E-21
  0.82285E-21  0.86301E-21  0.91545E-21  0.97356E-21  0.10385E-20  0.11109E-20
  0.11911E-20  0.12796E-20  0.13765E-20  0.14817E-20  0.15943E-20  0.17128E-20
  0.18347E-20  0.19558E-20  0.20701E-20  0.21696E-20  0.22434E-20  0.22783E-20

  0.39008E-88  0.10773E-73  0.31773E-62  0.40860E-53  0.70047E-46  0.38891E-40
  0.14156E-35  0.59172E-32  0.44375E-29  0.85201E-27  0.55610E-25  0.15451E-23
  0.21770E-22  0.17448E-21  0.74618E-21  0.11813E-20  0.10416E-20  0.79267E-21
  0.60482E-21  0.42208E-21  0.34263E-21  0.25631E-21  0.21833E-21  0.18904E-21
  0.18265E-21  0.17792E-21  0.17442E-21  0.17188E-21  0.17008E-21  0.16888E-21
  0.16815E-21  0.16786E-21  0.16790E-21  0.16827E-21  0.16892E-21  0.17020E-21
  0.17163E-21  0.17355E-21  0.17583E-21  0.17871E-21  0.18206E-21  0.18597E-21
  0.19050E-21  0.19478E-21  0.20037E-21  0.20663E-21  0.21368E-21  0.22162E-21
  0.23051E-21  0.24042E-21  0.25141E-21  0.26349E-21  0.27662E-21  0.29069E-21
  0.30543E-21  0.32039E-21  0.33485E-21  0.34778E-21  0.35773E-21  0.36285E-21

  0.13049E-88  0.36272E-74  0.10774E-62  0.13965E-53  0.24151E-46  0.13538E-40
  0.49800E-36  0.21059E-32  0.15996E-29  0.31154E-27  0.20663E-25  0.58482E-24
  0.84263E-23  0.69957E-22  0.33013E-21  0.68139E-21  0.77805E-21  0.60261E-21
  0.44887E-21  0.34101E-21  0.26647E-21  0.18558E-21  0.15305E-21  0.12853E-21
  0.97244E-22  0.84322E-22  0.66397E-22  0.58893E-22  0.52619E-22  0.52101E-22
  0.51718E-22  0.51445E-22  0.51258E-22  0.51143E-22  0.51090E-22  0.51124E-22
  0.51194E-22  0.51330E-22  0.51514E-22  0.51769E-22  0.52080E-22  0.52454E-22
  0.52896E-22  0.53320E-22  0.53881E-22  0.54513E-22  0.55231E-22  0.56043E-22
  0.56957E-22  0.57981E-22  0.59123E-22  0.60384E-22  0.61762E-22  0.63247E-22
  0.64812E-22  0.66411E-22  0.67969E-22  0.69372E-22  0.70461E-22  0.71033E-22

  This file contains fits for <sv> ionization, <sv> recombination, and 
  L, the hydrogen line radiation emissitivity in erg cm^3 s^-1. Each block is for
  60 temperature points ranging from 0.063  to 50118.728 eV corresponding to 
  0.063  0.079  0.100  0.126  0.158  0.200  
  0.251  0.316  0.398  0.501  0.631  0.794  
  1.000  1.259  1.585  1.995  2.512  3.162  
  3.981  5.012  6.310  7.943  10.000  12.589  
  15.849  19.953  25.119  31.623  39.811  50.119  
  63.096  79.433  100.000  125.893  158.489  199.526  
  251.189  316.228  398.107  501.187  630.957  794.328  
  1000.000  1258.925  1584.893  1995.262  2511.887  3162.278  
  3981.072  5011.873  6309.574  7943.283  10000.001  12589.255  
  15848.933  19952.625  25118.866  31622.779  39810.721  50118.728

  Each block is for a particular density from 1.0000E+10  to  1.0000E+17
  The first block is for 1.0000E+10 cm^-3, the second is for 3.1600E+10 cm^-3, etc.
1.0000E+10  3.1600E+10  1.0000E+11  3.1600E+11  1.0000E+12  3.1600E+12  
1.0000E+13  3.1600E+13  1.0000E+14  3.1600E+14  1.0000E+15  3.1600E+15  
1.0000E+16  3.1600E+16  1.0000E+17

The first 15 blocks are for ionization, the second 15 blocks are for recombination
and the third 15 blocks are for hydrogen line emission